SN 2005hj  671.66   18.137 025 17.737 008 17.839 010 18.300 014 17.890 008 17.804 008
SN 2005hj  673.64   18.157 025 17.696 008 17.743 012 18.351 014 17.849 010 17.764 008
SN 2005hj  675.62   18.274 024 17.743 010 17.734 014 18.390 016 17.879 008 17.802 014
SN 2005hj  678.70 a                                             17.920 008 17.820 008
SN 2005hj  682.67   18.888 070 17.952 012 17.862 014 18.522 021 18.220 021 17.950 022
SN 2005hj  683.64   19.104 043 18.014 014 17.928 014 18.521 021 18.227 012 18.000 012
SN 2005hj  690.67   20.586 452 18.536 028 18.242 025 19.102 040 18.671 048 18.285 032
SN 2005hj  695.69              18.982 016 18.458 017 19.179 029 19.339 024 18.650 014
SN 2005hj  702.65              19.483 021 18.624 016 19.005 021 19.916 026 19.043 017
SN 2005hj  707.71              19.925 035 18.806 021 18.810 033 20.261 073 19.181 028
SN 2005hj  712.59              20.052 029 19.093 025 19.157 029 20.594 065 19.707 029
SN 2005hj  725.62              20.472 040 19.586 030 19.690 036 21.124 080 20.194 044
SN 2005hj  729.61              20.617 050 19.483 035 19.939 095 21.051 120 20.166 050
SN 2005hj  739.59              20.684 059 19.801 045 20.179 080 21.025 081 20.395 047
SN 2005hj  747.57              20.669 125 19.839 053 20.437 111            20.539 131
SN 2005hj  752.54              20.888 061 20.017 049 20.250 081 21.301 098 20.510 076
SN 2005hj  761.56              20.916 067 19.869 065 20.820 104 21.153 113 20.760 079
SN 2005ku  699.55   18.679 029 17.652 012 17.612 016 18.060 025 17.790 016 17.691 016
SN 2005ku  702.56   18.863 037 17.756 014 17.555 014 18.220 025 17.875 020 17.661 012
SN 2005ku  707.55   19.274 077 18.028 014 17.780 014 18.376 025 18.176 014 17.824 018
SN 2005ku  712.54   20.270 136 18.549 026 18.068 018 18.860 045 18.697 021 18.153 021
SN 2005ku  716.56              18.954 044 18.227 024 18.834 049 19.061 051 18.268 033
SN 2005ku  729.55              20.016 059 18.740 037 18.799 042 19.844 103 19.120 055
SN 2005ku  739.53   19.372 177 19.963 236 19.184 080 19.407 110 20.347 240 19.333 092
SN 2005mc  736.78   18.588 033 17.243 008 16.935 007 17.330 008 17.459 010 17.095 010
SN 2005mc  737.75   18.731 034 17.284 012 16.886 020 17.365 016 17.540 010 17.110 012
SN 2005mc  738.74   18.825 033 17.353 008 16.967 008 17.383 010 17.636 010 17.152 010
SN 2005mc  740.78   19.162 043 17.543 010 17.038 012 17.577 012 17.876 012 17.231 012
SN 2005mc  741.71   19.268 058 17.661 007 17.119 008 17.625 012            17.287 010
SN 2005mc  746.74              18.305 014 17.385 012 17.747 012 18.727 026 17.704 012
SN 2005mc  747.75   20.027 251 18.420 025 17.460 012 17.686 020 18.880 042 17.820 016
SN 2005mc  752.74              19.015 034 17.674 014 17.727 014 19.501 071 18.192 021
SN 2005mc  755.72              19.311 029 17.960 012 17.869 012 19.749 059 18.484 018
SN 2005mc  760.66   21.372 272 19.657 028 18.411 016 18.413 020 20.118 048 18.913 024
SN 2005mc  762.68              19.716 029 18.531 017 18.530 018 20.224 049 18.975 024
SN 2005mc  763.63   21.968 532 19.763 036 18.508 029 18.577 024 20.250 057 19.051 029
SN 2005mc  764.68              19.793 030 18.570 022 18.687 021 20.291 050 19.072 029
SN 2005mc  765.63              19.851 035 18.645 022 18.702 020 20.227 044 19.129 026
SN 2005mc  768.66              19.911 025 18.744 017 18.850 017 20.421 044 19.183 025
SN 2005mc  771.62              19.978 035 18.842 025 18.999 018 20.454 035 19.355 021
SN 2005mc  773.60              20.095 040 18.989 017 19.131 029            19.475 035
SN 2006bd  828.56 a            18.616 079 17.886 006 17.977 007 19.283 026 18.233 066
SN 2006bd  831.66              19.283 020 18.020 010 18.074 016 19.807 030 18.554 014
SN 2006bd  833.67              19.611 034 18.214 012 18.172 014 20.131 067 18.794 024
SN 2006bd  834.66              19.703 042 18.304 014 18.203 016 20.294 099 18.875 025
SN 2006bd  841.64              20.283 057 18.984 024 18.813 022 20.923 126 19.460 050
SN 2006bd  845.60              20.552 025 19.276 021 19.157 029 21.029 047 19.863 042
SN 2006bd  845.60                                                          19.874 038
SN 2006bd  866.58              20.913 128 20.342 073 20.294 080 21.828 350 20.494 101
SN 2006bd  872.56              21.319 080 20.566 058 20.450 080 21.625 145 20.708 077
SN 2006bd  891.52              21.530 114 21.662 203 21.277 225 22.107 235 21.679 284
SN 2006br  858.67              18.856 020 17.938 018 18.215 028 19.427 029 18.388 018
SN 2006br  861.67              19.096 017 18.219 012 18.601 024 19.712 024 18.550 017
SN 2006br  862.64              19.200 018 18.288 012 18.765 034 19.779 026 18.616 017
SN 2006br  866.64              19.518 045 18.478 016 18.786 026 20.134 073 18.845 029
SN 2006br  867.67              19.520 049 18.496 021 18.676 028 20.377 140 18.980 041
SN 2006br  870.70              20.029 083 18.500 021 18.486 025 20.635 177 19.068 045
SN 2006br  871.65              20.051 058 18.523 016 18.507 018 20.829 128 19.182 029
SN 2006br  872.68              20.151 043 18.529 020 18.478 021 20.867 126 19.217 029
SN 2006br  890.60              21.298 108 19.541 026 19.401 038 21.657 143 20.563 085
SN 2006bt  853.74   17.740 017 17.088 008 17.139 008 17.371 008 17.253 010 17.117 010
SN 2006bt  855.78 a 17.642 010 16.990 005 17.021 005 17.266 005 17.163 006 17.002 006
SN 2006bt  858.75   17.709 026 16.940 006 16.941 007 17.256 008 17.145 008 16.940 007
SN 2006bt  861.77   17.952 021 16.995 006 16.937 005 17.272 008 17.232 008 16.947 007
SN 2006bt  862.73   18.073 021 17.037 007 16.947 007 17.291 008 17.290 008 16.965 008
SN 2006bt  866.69   18.543 049 17.251 008 17.040 008 17.390 010 17.537 012 17.098 008
SN 2006bt  867.75   18.569 061 17.321 010 17.075 008 17.412 012 17.632 014 17.130 008
SN 2006bt  870.77   19.089 163 17.550 010 17.207 008 17.530 012 17.911 018 17.308 010
SN 2006bt  871.71   19.224 085 17.666 008 17.244 008 17.545 010 18.028 016 17.375 008
SN 2006bt  872.74   19.262 065 17.764 010 17.299 008 17.561 010 18.119 014 17.450 008
SN 2006bt  886.65 a 20.522 049 18.940 006 17.900 004 17.784 004 19.374 012 18.359 006
SN 2006bt  890.68   20.614 217 19.101 014 18.082 021 18.021 017 19.572 026 18.574 043
SN 2006bt  891.70   20.652 189 19.184 017 18.169 010 18.030 010 19.633 035 18.601 016
SN 2006bt  893.68 a 20.681 143 19.242 012 18.234 005 18.141 006 19.653 029 18.668 010
SN 2006bt  894.64 a 20.661 179 19.270 017            18.189 008 19.702 030 18.710 014
SN 2006bt  897.58 a 20.821 164 19.383 036 18.366 008 18.298 008 19.756 040 18.786 017
SN 2006bt  898.61 a 21.233 211 19.357 014 18.421 007 18.363 008 19.737 032 18.807 012
SN 2006ef  979.89   17.206 017 15.973 006 16.025 005 16.828 007 16.212 012 15.877 006
SN 2006ef  981.80   17.507 020 16.184 007 16.143 007 16.893 008 16.459 010 15.994 008
SN 2006ef  986.80              16.731 008 16.253 008 16.739 008 17.138 021 16.321 008
SN 2006ef  998.79   19.564 058 17.962 008 16.890 006 16.977 008 18.357 017 17.287 008
SN 2006ef 1001.83   19.713 033 18.131 008 17.090 008 17.217 008 18.522 016 17.464 008
SN 2006ef 1003.81   19.844 040 18.214 010 17.206 008 17.342 012 18.623 017 17.560 010
SN 2006ef 1008.79   19.935 037 18.365 010 17.406 008 17.616 010 18.751 017 17.757 010
SN 2006ef 1014.70   20.028 110 18.498 020 17.665 020 17.883 017 18.831 037 17.908 017
SN 2006ef 1036.72   20.533 056 18.847 012 18.385 008 18.775 017 19.206 020 18.529 012
SN 2006ef 1040.69   20.633 105 18.891 014 18.489 012 18.921 022 19.272 029 18.608 016
SN 2006ej  979.73   16.681 012 15.827 006 15.802 006 16.471 007            15.821 007
SN 2006ej  981.70   16.898 014 15.927 007 15.903 008 16.582 008 16.071 008 15.881 008
SN 2006ej  986.67   17.582 028 16.319 008 16.286 008 17.078 010 16.551 010 16.156 008
SN 2006ej  998.65   19.251 041 17.627 007 16.654 006 16.889 008 18.042 012 17.014 008
SN 2006ej 1001.59   19.416 048 17.938 008 16.867 008 16.981 012 18.330 014 17.258 010
SN 2006ej 1003.60   19.601 069 18.128 010 17.055 007 17.158 008 18.490 016 17.448 008
SN 2006ej 1008.57   19.930 085 18.411 010 17.402 010 17.564 010 18.807 018 17.766 010
SN 2006ej 1012.57   19.843 112 18.587 022 17.588 012 17.820 016 18.905 042 17.911 016
SN 2006ej 1017.72   20.097 157 18.635 030 17.773 025 18.053 036 19.025 056 18.121 028
SN 2006ej 1018.68   20.099 100 18.705 017 17.835 010 18.135 012 19.091 032 18.151 014
SN 2006ej 1025.63   20.352 087 18.809 012 18.089 012 18.408 016 19.135 017 18.352 014
SN 2006ej 1040.60              19.012 021 18.597 016 19.094 026 19.417 036 18.703 021
SN 2006ej 1046.74              19.157 040 18.816 029 19.344 063 19.473 077 18.885 042
SN 2006et  983.63              16.862 010 16.838 014
SN 2006et  986.70   16.960 021 16.318 007 16.305 008 16.537 010 16.421 008 16.309 008
SN 2006et  988.57                         16.109 006 16.358 008 16.236 008 16.124 007
SN 2006et  991.65   16.626 018 15.935 005 15.912 007 16.312 008 16.052 008 15.920 006
SN 2006et  991.65                                               16.053 007
SN 2006et  994.72   16.664 014 15.906 006 15.821 007 16.375 007 16.035 007 15.878 006
SN 2006et  998.68   17.010 014 16.016 005 15.838 004 16.475 006 16.173 006 15.908 005
SN 2006et 1001.62   17.257 016 16.123 006 15.928 006 16.566 010 16.338 008 16.010 010
SN 2006et 1003.63   17.432 017 16.232 006 16.010 006 16.690 008 16.465 008 16.074 007
SN 2006et 1007.66   17.989 021 16.508 008 16.280 008 16.963 010 16.805 008 16.288 008
SN 2006et 1008.63   18.069 020 16.603 008                       16.898 008
SN 2006et 1012.52   18.714 052 16.918 008 16.468 006 17.015 008 17.291 012 16.591 012
SN 2006et 1012.52                                                          16.582 008
SN 2006et 1013.61   18.778 067 17.026 008 16.495 006 17.006 010 17.414 012 16.641 008
SN 2006et 1017.77   19.080 110 17.363 022 16.549 016 16.900 016 17.812 021 16.813 014
SN 2006et 1023.72 a 19.765 033 17.913 012 16.783 010 16.968 014 18.328 010 17.253 014
SN 2006et 1024.61 a 19.881 028 17.912 006 16.718 006 16.859 006 18.371 008 17.213 004
SN 2006et 1025.67   19.948 074                                  18.448 014 17.277 008
SN 2006et 1029.68   20.161 070 18.240 010 17.017 007 17.060 008 18.712 014 17.532 008
SN 2006et 1033.69              18.443 020 17.279 010 17.327 012
SN 2006et 1039.66   20.285 113 18.642 014 17.538 008 17.671 014 19.065 024 18.001 014
SN 2006et 1044.62              18.682 047 17.675 017 17.747 022 19.073 075 18.126 033
SN 2006et 1046.56   20.363 149 18.795 016 17.761 010 17.949 012 19.202 025 18.158 014
SN 2006et 1052.60   20.879 145 18.875 014 17.949 012 18.160 017 19.306 021 18.311 014
SN 2006et 1060.54   20.924 112 18.976 014 18.166 012 18.476 020 19.395 024 18.487 014
SN 2006et 1066.60   21.068 140 19.080 016 18.353 012 18.643 017 19.479 025 18.639 017
SN 2006et 1076.55   21.509 317 19.196 016 18.620 014 19.016 021            18.852 020
SN 2006et 1091.55              19.422 017 19.050 017 19.454 035 19.734 030 19.190 022
SN 2006et 1099.54              19.557 041                       20.059 129
SN 2006ev  994.57   18.784 035 17.392 007 17.180 007 17.695 012 17.596 008 17.299 008
SN 2006ev  998.55   19.350 059 17.670 007 17.425 007 18.086 012 17.971 010 17.480 008
SN 2006ev 1001.53   19.718 048 17.974 010 17.650 012 18.294 016 18.314 014 17.688 012
SN 2006ev 1003.55   19.980 050 18.196 008 17.743 010 18.323 014 18.601 016 17.816 012
SN 2006ev 1007.57   20.376 091 18.659 012 17.840 010 18.248 014 19.106 020 18.113 010
SN 2006ev 1008.53   20.571 108 18.755 010 17.864 010 18.202 014 19.207 024 18.155 012
SN 2006ev 1014.53              19.332 071 18.034 017 18.128 021 19.931 145 18.634 049
SN 2006ev 1018.54   21.243 175 19.683 020 18.398 016 18.331 017 20.088 043 18.909 018
SN 2006ev 1023.50   21.550 114 20.007 014 18.717 008 18.747 012 20.334 025 19.220 012
SN 2006ev 1023.50 a            19.975 012
SN 2006ev 1024.50 a 21.550 132            18.770 008 18.833 014 20.440 028 19.320 012
SN 2006ev 1025.53              20.085 028 18.833 017 18.926 025 20.446 050 19.339 025
SN 2006ev 1038.51              20.444 065 19.262 026 19.559 041 20.854 116 19.710 050
SN 2006fw 1001.72   19.987 034 18.822 017 18.919 010 19.141 017 19.206 012 19.191 017
SN 2006fw 1007.74   20.686 052 18.994 017 18.948 012 18.835 029 19.357 012 18.915 014
SN 2006fw 1013.69   20.935 216 19.362 022 19.205 018 19.093 034 19.741 041 19.158 025
SN 2006fw 1018.78   21.782 343 19.993 035 19.509 025 19.574 040 20.574 086 19.772 041
SN 2006fw 1025.72              20.581 024 19.765 020 19.654 029 21.280 051 20.496 050
SN 2006fw 1039.70              21.283 068 20.420 035 19.861 040 21.805 130 20.996 059
SN 2006gj  998.82   18.741 026 17.808 008 17.493 008 17.643 012 17.995 012 17.702 010
SN 2006gj 1001.86   18.961 029 17.759 014 17.416 012 17.690 014 17.983 014 17.628 014
SN 2006gj 1003.88   19.200 042 17.853 010 17.425 008 17.698 017 18.110 014 17.639 012
SN 2006gj 1007.82   19.763 051 18.155 012 17.666 010 18.075 014 18.533 020 17.839 012
SN 2006gj 1013.77              18.885 028 17.968 014 18.199 017 19.414 059 18.287 025
SN 2006gj 1029.75   21.917 288 20.419 048 19.055 017 18.905 022 20.987 131 19.690 044
SN 2006gj 1036.76              20.647 058 19.383 024 19.313 035 21.218 126 19.933 041
SN 2006gj 1038.80              20.713 064 19.469 029 19.431 040 21.289 121 19.966 044
SN 2006gj 1039.79              20.641 064 19.451 021 19.467 035 21.355 183 19.946 051
SN 2006gj 1042.69              20.638 082 19.585 035 19.579 047 21.369 254 20.146 082
SN 2006gj 1048.72              20.921 105 19.798 047 19.899 051 21.412 246 20.349 085
SN 2006gj 1052.72              21.026 081 19.927 034 19.973 042 21.603 166 20.421 069
SN 2006gj 1056.67              21.044 087 20.119 049 20.150 060 21.268 108 20.535 066
SN 2006gj 1060.72              21.055 060 20.227 040 20.187 058 21.677 173 20.596 064
SN 2006gj 1066.77              21.303 103 20.502 059 20.576 104 21.664 140 20.811 086
SN 2006gj 1069.65              21.110 101 20.534 068 20.481 088 21.544 163 20.925 112
SN 2006gj 1079.71              21.508 141 21.051 115 20.885 152 22.084 279 21.224 148
SN 2006gj 1084.70              21.522 123 21.191 094 21.171 168 21.773 132 21.178 112
SN 2006gj 1096.59              21.589 148 21.619 173 21.407 203 22.358 281 21.786 233
SN 2006hb 1013.81   17.839 021 16.260 004 15.911 005 16.401 007 16.650 007 15.946 005
SN 2006hb 1014.85                                               16.800 008 16.007 008
SN 2006hb 1017.85   18.399 033 16.798 008 16.064 012 16.322 017 17.247 012 16.294 010
SN 2006hb 1018.84   18.592 035 16.939 007 16.112 008 16.356 010 17.366 010 16.373 007
SN 2006hb 1020.87                         16.205 007 16.355 008 17.612 008 16.556 008
SN 2006hb 1025.83   19.223 037 17.634 007 16.567 006 16.533 008 18.056 008 16.973 008
SN 2006hb 1029.82   19.476 042 17.918 008 16.930 008 16.919 008 18.309 012 17.283 008
SN 2006hb 1038.84   19.802 067 18.283 008 17.422 008 17.481 010 18.665 012 17.692 010
SN 2006hb 1040.79   19.776 058 18.333 012 17.494 012 17.585 014
SN 2006hb 1042.79   19.873 079 18.391 010 17.574 010 17.667 014 18.741 017 17.837 012
SN 2006hb 1049.81   20.116 107 18.533 012 17.839 010 17.967 014 18.926 017 18.010 014
SN 2006hb 1068.79   20.612 085 18.910 010 18.534 016 18.685 017 19.272 017 18.534 016
SN 2006hb 1076.73              19.039 021 18.800 017 18.910 025 19.439 047 18.723 024
SN 2006hb 1085.70              19.216 012 19.154 018 19.193 024 19.585 022 18.975 018
SN 2006hb 1091.76              19.301 014 19.374 021 19.417 032 19.645 025 19.106 021
SN 2006hb 1096.68              19.413 017 19.555 017 19.510 029 19.728 028 19.238 021
SN 2006hb 1099.66              19.437 028 19.668 034 19.615 042 19.788 055 19.389 068
SN 2006hb 1104.74              19.535 070 19.789 067 19.700 070 19.727 090 19.331 070
SN 2006hb 1108.71              19.607 021 19.996 040 19.842 042 19.919 033 19.539 034
SN 2006hb 1119.65              19.837 014 20.307 038 20.066 057 20.141 022 19.778 032
SN 2006hb 1121.65              19.900 017 20.322 035 20.208 065 20.197 026 19.817 034
SN 2006hb 1125.60              19.938 018 20.459 047 20.201 051 20.303 028 19.916 037
SN 2006hb 1131.67              20.032 036 20.652 082 20.399 073
SN 2006hb 1133.62              20.027 058 20.568 111 20.278 102 20.440 133 19.968 104
SN 2006hb 1136.65              20.138 047 20.637 080 20.448 085 20.351 064 19.955 061
SN 2006hb 1143.58              20.275 020 20.938 068 20.551 063 20.615 033 20.245 043
SN 2006hx 1012.65                                               18.352 043 18.470 073
SN 2006hx 1013.65   18.649 056 18.193 020 18.371 033 18.080 028 18.291 029 18.671 070
SN 2006hx 1028.71   18.964 035 17.789 018 17.579 018 18.016 030 17.864 014 17.904 055
SN 2006hx 1036.68   20.044 067 18.421 017 18.000 017 18.416 043 18.633 018 18.371 070
SN 2006hx 1040.65   20.536 145 18.715 021 18.098 025 18.530 040 19.123 034 18.791 107
SN 2006hx 1049.62              20.247 137 18.517 043 18.646 056 20.349 055 19.174 071
SN 2006hx 1052.69              20.182 055 18.675 033 18.473 029 20.097 058 19.572 117
SN 2006hx 1066.67              20.645 079 19.321 048 19.173 056
SN 2006hx 1080.59              21.409 211 19.859 059 19.207 073
SN 2006is 1013.86   17.192 008 16.284 004 16.339 005 17.130 008 16.425 005 16.295 005
SN 2006is 1017.89                                               16.676 010
SN 2006is 1018.88   17.656 021 16.583 007                       16.749 008
SN 2006is 1025.85   18.453 024 17.096 006 16.983 004 17.890 008 17.358 008 16.953 007
SN 2006is 1028.85   18.742 024 17.322 007 17.009 007 17.840 010 17.619 008 17.069 008
SN 2006is 1036.84   19.390 044 17.885 007 17.082 006 17.651 008 18.250 010 17.414 008
SN 2006is 1039.83   19.584 035 18.103 008 17.159 006 17.588 008 18.428 014 17.555 008
SN 2006is 1042.76   19.662 072 18.283 010 17.304 008 17.618 012 18.599 017 17.747 010
SN 2006is 1048.84   19.792 104 18.576 012 17.686 008 17.960 014 18.909 025 18.148 012
SN 2006is 1052.80   20.072 069 18.742 008 17.885 008 18.241 010 19.025 014 18.312 010
SN 2006is 1056.76   20.291 076 18.845 010 18.021 008 18.416 014 19.118 014 18.440 012
SN 2006is 1060.80   20.258 059 18.917 012 18.176 012 18.610 016 19.177 021 18.552 016
SN 2006is 1065.78   20.432 058 18.998 012 18.327 012 18.826 016 19.284 017 18.696 014
SN 2006is 1071.68   20.596 147 19.072 020 18.504 016 19.037 025 19.367 026 18.793 021
SN 2006is 1080.83   20.993 297 19.234 029 18.740 021 19.378 058 19.632 035 19.034 025
SN 2006is 1084.73   20.780 101 19.325 012 18.894 012 19.466 026 19.575 018 19.098 017
SN 2006is 1087.69   20.831 101 19.337 012 18.983 010 19.594 029 19.659 017 19.220 017
SN 2006is 1092.71   20.989 118 19.437 014 19.132 014 19.756 028 19.735 029 19.301 021
SN 2006is 1096.70              19.513 014 19.247 014 19.942 041 19.876 025 19.399 018
SN 2006is 1099.70   21.081 130 19.514 020 19.322 018 19.917 043 19.843 029 19.437 036
SN 2006is 1102.66              19.570 051 19.402 049 20.118 129 19.908 084 19.407 064
SN 2006is 1106.68              19.657 021 19.563 024 20.136 057 19.981 037 19.536 035
SN 2006is 1108.74              19.680 017 19.575 018 20.165 040 20.038 033 19.626 025
SN 2006is 1118.70              19.867 012 19.853 020 20.484 055 20.221 030 19.784 025
SN 2006is 1121.68              19.895 012 19.925 017 20.539 058 20.290 021 19.813 020
SN 2006is 1123.69              19.946 022 20.007 018            20.315 021 19.845 018
SN 2006is 1125.64              19.952 012 20.047 017 20.636 057 20.332 036 19.895 029
SN 2006kf 1036.80   17.621 017 16.943 007 16.769 007 16.880 007 17.070 007 16.931 007
SN 2006kf 1038.77   17.486 014 16.751 006 16.596 007 16.788 008 16.901 007 16.734 007
SN 2006kf 1039.75   17.485 014 16.708 007 16.555 006 16.811 008 16.839 007 16.685 007
SN 2006kf 1042.72   17.595 020 16.679 007 16.499 007 16.920 008 16.825 008 16.624 008
SN 2006kf 1048.76   18.359 035 17.011 007 16.751 006 17.323 008 17.262 008 16.796 007
SN 2006kf 1052.77   19.041 043 17.403 007 17.020 008 17.564 008 17.819 008 17.080 007
SN 2006kf 1056.70   19.758 083 17.903 008 17.154 006 17.444 008 18.412 010 17.413 008
SN 2006kf 1060.67   20.257 079 18.417 008 17.294 008 17.394 010 18.914 014 17.721 008
SN 2006kf 1065.70   20.805 117 18.921 012 17.689 010 17.574 012 19.416 022 18.175 012
SN 2006kf 1068.70   20.870 126 19.157 016 17.966 010 17.861 012 19.602 079 18.401 017
SN 2006kf 1068.70                                               19.603 025
SN 2006kf 1069.70   20.878 158 19.234 025 18.046 012 17.964 012 19.619 035 18.491 017
SN 2006kf 1075.69              19.444 044 18.360 014 18.338 020 19.770 091 18.775 033
SN 2006kf 1080.70   21.315 248 19.548 029 18.582 016 18.624 021 20.115 053 18.919 022
SN 2006kf 1084.64   21.483 288 19.711 018 18.741 014 18.774 018 20.155 038 19.019 017
SN 2006kf 1087.66              19.782 017 18.841 012 18.938 020 20.233 037 19.133 017
SN 2006kf 1091.67              19.869 025 18.992 017 19.117 024 20.194 040 19.248 021
SN 2006kf 1096.62              20.006 048 19.146 025 19.365 035 20.311 071 19.378 032
SN 2006kf 1102.63              20.154 105 19.403 071 19.480 085 20.223 149 19.553 098
SN 2006kf 1119.60              20.365 021 19.945 025 20.242 050 20.868 049 19.982 028
SN 2006kf 1123.66              20.461 021 20.090 040
SN 2006kf 1127.63                         20.378 067 20.439 110 21.136 175 20.254 059
SN 2006lu 1040.82   18.793 025 17.919 007 17.893 008 18.473 017 18.059 010 17.911 010
SN 2006lu 1042.82   19.011 035 18.031 008 17.968 012 18.583 020 18.184 010 17.987 010
SN 2006lu 1044.87                         18.045 021 18.690 045
SN 2006lu 1046.77   19.388 151 18.312 020 18.176 020 18.761 035 18.358 028 18.174 021
SN 2006lu 1048.88                                                          18.206 034
SN 2006lu 1052.83   20.484 091 18.847 012                       19.155 020
SN 2006lu 1056.82   20.712 152 19.245 014 18.571 010 19.053 018 19.608 024 18.835 014
SN 2006lu 1060.85              19.596 041 18.694 026 18.832 146 20.086 047 19.096 018
SN 2006lu 1065.83   21.705 303 20.049 043 18.866 025 19.031 066 20.479 029 19.399 022
SN 2006lu 1068.83   21.925 171 20.168 029 19.026 025 18.974 050 20.666 030 19.554 026
SN 2006lu 1071.81   22.369 248 20.350 022 19.211 014 19.200 024 20.750 033 19.717 025
SN 2006lu 1073.83              20.457 042 19.357 024 19.254 043 20.697 065 19.747 040
SN 2006lu 1076.83              20.432 053 19.459 029 19.525 040 20.745 117 19.851 056
SN 2006lu 1084.76              20.712 033 19.735 025 19.917 042 21.097 055 20.139 034
SN 2006lu 1085.81              20.742 025                       21.193 074
SN 2006lu 1087.78              20.786 021 19.843 021 20.129 035 21.225 038 20.263 026
SN 2006lu 1091.84              20.835 032 19.951 028 20.197 059            20.386 035
SN 2006lu 1099.85              20.982 097 20.110 060 20.466 235 21.320 056 20.517 029
SN 2006lu 1100.80              21.068 035 20.198 024 20.566 058 21.355 050 20.536 040
SN 2006lu 1104.80              20.950 090 20.287 055 20.818 088 21.321 205 20.483 081
SN 2006lu 1106.78              20.988 070 20.420 041 20.768 075 21.229 134 20.605 075
SN 2006lu 1110.80              21.136 049 20.629 488            21.538 113 20.623 081
SN 2006lu 1112.85              21.056 107                       21.570 087 20.741 036
SN 2006lu 1121.77              21.348 036 20.749 028 21.245 068 21.660 072 20.918 035
SN 2006lu 1125.80              21.296 035 20.886 035 21.202 094 21.739 059 20.956 042
SN 2006lu 1130.71              21.484 081 20.982 050 21.150 126
SN 2006lu 1131.74                         21.033 056                       21.029 065
SN 2006ob 1060.63   18.751 020 18.310 010 18.382 012 18.617 017 18.408 012 18.365 014
SN 2006ob 1065.57   19.092 029 18.244 010 18.224 010 18.632 021 18.377 012 18.247 012
SN 2006ob 1073.60   20.390 181 18.921 029 18.592 024 19.174 037 19.101 051 18.671 025
SN 2006ob 1075.61   20.431 172 19.111 032 18.753 021 19.328 033 19.425 045 18.781 026
SN 2006ob 1079.63   21.727 255 19.689 021 18.887 014 19.155 030 20.036 037 19.159 025
SN 2006ob 1084.55              20.272 035 19.149 025 19.133 040 20.586 084 19.626 042
SN 2006ob 1087.55              20.600 034 19.419 024 19.276 028 21.012 050 19.943 037
SN 2006ob 1092.57              20.917 047 19.828 030 19.709 041 21.225 063 20.382 044
SN 2006ob 1100.54              20.955 175 20.085 101 20.163 136 21.462 272 20.758 243
SN 2006ob 1104.55              21.503 174 20.357 060 20.362 081 21.464 241 20.834 114
SN 2006ob 1108.56              21.352 055 20.406 029 20.609 061 21.804 110 20.882 051
SN 2006ob 1112.56              21.409 068 20.515 040 20.666 089 21.901 103 20.859 057
SN 2006ob 1121.56              21.573 090 20.661 063 20.846 117 22.213 230 21.041 123
SN 2006os 1066.74              17.942 008 17.487 007 17.877 012 18.202 012 17.766 008
SN 2006os 1069.61   19.579 070 18.045 010 17.525 010 17.909 014 18.299 017 17.802 012
SN 2006os 1073.63   19.693 145 18.312 026 17.702 016 18.151 026 18.654 052 17.957 021
SN 2006os 1075.63   19.823 185 18.460 021 17.833 012 18.295 021 18.868 041 18.122 018
SN 2006os 1080.65   21.178 173 18.954 014 18.060 010 18.384 017 19.459 026 18.401 012
SN 2006os 1084.61   21.552 293 19.389 017 18.156 010 18.319 017 19.916 034 18.685 016
SN 2006os 1087.59   21.816 395 19.646 020 18.223 012 18.271 017 20.231 037 18.847 016
SN 2006os 1091.59   22.044 281 20.071 029 18.416 012 18.272 014 20.600 067 19.123 020
SN 2006os 1096.56              20.424 052 18.773 017 18.523 029 20.679 088 19.434 041
SN 2006os 1105.59              20.596 065 19.174 021 19.126 025 21.343 199 19.793 050
SN 2006os 1108.60              20.806 028 19.346 014 19.272 028 21.445 115 19.895 030
SN 2006os 1121.60              20.905 050 19.690 022 19.790 048 21.904 154 20.210 041
SN 2006os 1128.56                         20.046 051 20.005 070            20.469 105
SN 2006ot 1065.66   18.804 029 17.916 012 17.938 012 18.213 017 18.120 017 17.884 014
SN 2006ot 1066.71   18.889 025 17.933 008 17.895 012 18.195 016 18.147 012 17.921 012
SN 2006ot 1069.57   19.137 038 18.089 012 17.891 014 18.155 017 18.265 017 18.001 014
SN 2006ot 1071.63   19.297 058 18.235 014 17.977 014 18.272 021 18.432 018 18.078 016
SN 2006ot 1073.68   19.490 079 18.385 017 18.036 014 18.291 021 18.563 029 18.150 017
SN 2006ot 1075.66   19.934 153 18.490 017 18.082 014 18.394 021 18.765 029 18.244 017
SN 2006ot 1079.68   20.485 112 18.830 017 18.276 012 18.528 021 19.108 025 18.458 017
SN 2006ot 1084.58   21.154 208 19.230 022 18.420 017 18.489 021 19.591 026 18.739 022
SN 2006ot 1091.63   21.744 211 19.912 030 18.717 020 18.639 022 20.238 049 19.260 025
SN 2006ot 1096.53              20.172 051 18.979 021 18.774 025 20.503 076 19.619 048
SN 2006ot 1099.57   21.883 465 20.430 076 19.110 029 18.966 029 20.766 140 19.675 056
SN 2006ot 1106.57              20.560 035 19.348 028 19.264 033 20.852 080 19.993 050
SN 2006ot 1112.65              20.741 050 19.480 029 19.471 049 20.963 076 20.037 049
SN 2006ot 1119.55              20.659 035 19.625 025 19.745 032 21.026 050 20.150 034
SN 2006ot 1123.57              20.812 057 19.705 025 19.767 035 20.952 063 20.255 050
SN 2006ot 1127.57              20.913 067 19.780 032 19.994 051 21.066 085 20.214 051
SN 2006ot 1131.60              20.945 142                       21.056 190 20.230 066
SN 2007A  1108.53   16.528 012 16.017 010 15.883 008 16.098 007 16.096 012 15.946 007
SN 2007A  1110.53              15.876 010 15.795 008 16.073 014 16.039 010 15.828 010
SN 2007A  1110.53                                                          15.827 007
SN 2007A  1112.52   16.455 014 15.821 008 15.722 006 16.125 008 15.967 008 15.726 008
SN 2007A  1119.53                         15.817 007 16.366 008 16.178 007 15.841 005
SN 2007A  1121.53                         15.901 008 16.500 008 16.309 007 15.904 006
SN 2007A  1123.52   17.366 037 16.221 022 16.060 008 16.678 012
SN 2007A  1127.53                                    16.962 014 16.788 017 16.268 012
SN 2007A  1128.53              16.580 018 16.399 010 16.988 016
SN 2007A  1131.52                                               17.327 042 16.516 018
SN 2007A  1133.52              16.992 033 16.489 012 16.909 017            16.574 017
SN 2007N  1123.81   20.693 114 17.754 008 17.124 010 17.335 012 18.276 012 17.335 010
SN 2007N  1125.87   20.928 311 17.757 012 16.967 010 17.119 030 18.342 016 17.270 008
SN 2007N  1127.81   21.265 104 17.959 008 16.921 008 17.017 008 18.569 014 17.318 008
SN 2007N  1128.84   21.549 128 18.107 008 16.951 007 17.001 008 18.733 016 17.388 008
SN 2007N  1131.79   21.897 267 18.572 012 17.168 010 17.071 012 19.226 029 17.726 010
SN 2007N  1133.80              18.844 032 17.379 010 17.202 012 19.598 067 18.000 016
SN 2007N  1143.81   22.318 439 19.644 017 18.315 012 18.058 017 20.280 036 18.906 020
SN 2007N  1147.75              19.849 037 18.623 040 18.311 030 20.372 101 19.074 029
SN 2007N  1153.80                                               20.720 058 19.396 021
SN 2007N  1154.78              20.014 022 19.013 017 18.726 017 20.629 050 19.422 022
SN 2007N  1158.78              20.152 025 19.220 021 18.937 021 20.739 056 19.545 025
SN 2007N  1160.79              20.271 056 19.379 030 19.043 029 20.610 110 19.620 042
SN 2007N  1161.72              20.199 066 19.354 035 19.043 026 20.587 121 19.684 057
SN 2007N  1169.73              20.375 048 19.759 029 19.341 029 21.063 111 19.969 044
SN 2007N  1174.77              20.547 035 20.056 032 19.598 035 21.130 082 20.145 042
SN 2007N  1181.77              20.702 047 20.355 045 19.738 037 21.343 102 20.326 047
SN 2007N  1185.73              20.783 057 20.437 044 19.890 049 21.540 122 20.348 050
SN 2007N  1190.73              20.837 140 20.587 116 20.101 087            20.315 099
SN 2007N  1199.70              21.121 073 21.266 095 20.202 064 21.733 180 20.803 085
SN 2007N  1200.82                         21.444 194 20.094 084            20.909 146
SN 2007N  1203.78              21.183 050 21.279 076 20.318 055 21.634 072 20.979 055
SN 2007N  1207.63              21.388 044 21.593 084 20.277 043 21.776 073 21.086 063
SN 2007N  1213.65              21.529 055 21.958 125 20.612 050 21.873 092 21.257 085
SN 2007S  1133.83   17.380 035 16.627 010 16.327 010 16.425 012 16.829 014 16.468 010
SN 2007S  1137.79   16.728 010 15.991 006 15.726 006 15.832 006 16.178 006 15.860 006
SN 2007S  1143.75   16.548 012 15.694 008 15.364 012 15.756 016 15.895 008 15.545 010
SN 2007S  1147.72              15.740 005 15.334 004 15.866 007
SN 2007S  1153.76                                               16.269 004 15.680 007
SN 2007S  1153.76                                                          15.688 007
SN 2007S  1154.64   17.447 012 16.007 007 15.581 007 16.184 008 16.339 007 15.725 007
SN 2007S  1158.69   17.984 017 16.285 007 15.846 008 16.461 010 16.676 008 15.957 007
SN 2007S  1160.66   18.288 029 16.442 006 15.945 005 16.510 007 16.870 008 16.082 007
SN 2007S  1161.66   18.353 041 16.513 007 15.980 006 16.491 010 16.985 010 16.128 007
SN 2007S  1165.71   18.824 069 16.837 008 16.052 008 16.441 008 17.375 012 16.328 008
SN 2007S  1166.65   18.969 063 16.908 010 16.063 005 16.428 008 17.450 036 16.369 008
SN 2007S  1169.68   19.273 035 17.152 008 16.107 007 16.371 008 17.707 010 16.516 008
SN 2007S  1174.73   19.794 096 17.512 007 16.200 006 16.311 006 18.071 012 16.745 006
SN 2007S  1185.67   20.099 101 18.160 010 16.820 008 16.807 008 18.686 017 17.380 008
SN 2007S  1194.61   20.391 235 18.377 014 17.183 008 17.243 010 18.858 032 17.676 014
SN 2007S  1199.59   20.309 100 18.474 012 17.342 012 17.463 014 18.931 018 17.798 016
SN 2007S  1203.69              18.539 008 17.460 008 17.629 012 19.028 016 17.904 012
SN 2007S  1213.61   20.582 089 18.665 008 17.758 010 17.973 014 19.140 017 18.156 014
SN 2007S  1224.55   20.766 415 18.871 090 18.095 016 18.332 017
SN 2007S  1246.53   21.266 444 19.185 030 18.719 025 18.990 035 19.445 080 18.888 032
SN 2007af 1165.77   14.670 008 13.991 010 13.969 008 14.233 006 14.071 006 14.034 006
SN 2007af 1166.78   14.432 008 13.826 007 13.800 005 14.049 006 13.889 006 13.856 005
SN 2007af 1169.85   14.031 008 13.404 006 13.422 006 13.736 008 13.478 006 13.445 006
SN 2007af 1170.80   13.960 008 13.333 006 13.362 007 13.694 008 13.407 007 13.367 008
SN 2007af 1171.86                         13.302 010 13.679 010 13.345 007 13.299 008
SN 2007af 1171.86                         13.296 007
SN 2007af 1172.86                         13.263 008 13.697 010 13.300 008 13.242 008
SN 2007af 1174.83   13.943 008 13.187 007 13.228 008 13.764 010 13.280 007 13.210 008
SN 2007af 1178.76   14.209 008 13.284 008 13.228 007 13.900 008 13.425 008
SN 2007af 1179.82   14.334 008 13.329 008 13.282 008 13.961 010 13.487 006 13.254 008
SN 2007af 1181.80   14.562 008 13.426 007 13.369 008 14.052 010 13.632 006 13.323 007
SN 2007af 1182.77   14.685 008 13.493 008 13.422 010 14.134 010 13.716 008 13.353 008
SN 2007af 1185.81   15.065 008 13.715 006 13.653 006 14.383 006 14.022 006 13.524 007
SN 2007af 1190.76   15.730 008 14.181 006 13.882 005 14.442 006 14.607 007 13.849 006
SN 2007af 1194.78   16.218 012 14.560 007 13.961 006 14.349 008 15.063 006 14.102 008
SN 2007af 1197.78   16.551 012 14.840 006 14.035 006 14.303 008 15.334 006 14.270 007
SN 2007af 1199.72   16.689 014 14.998 007 14.091 007 14.287 008 15.497 007 14.374 008
SN 2007af 1202.82   16.902 012 15.260 008 14.227 007 14.315 008 15.737 008 14.571 008
SN 2007af 1204.83   17.038 014            14.360 008 14.406 010 15.875 008 14.720 007
SN 2007af 1207.75   17.206 014 15.598 008 14.592 008 14.632 010 16.044 008 14.929 008
SN 2007af 1211.77   17.362 017 15.794 006 14.857 006 14.905 006 16.240 008 15.153 007
SN 2007af 1213.73   17.417 017 15.867 008 14.942 007 15.014 008 16.308 008 15.240 008
SN 2007af 1218.75   17.565 017 16.015 006 15.151 005 15.272 006 16.443 007 15.406 006
SN 2007af 1224.77   17.656 026 16.132 008 15.360 007 15.505 008 16.549 010 15.580 007
SN 2007af 1226.80              16.168 007 15.421 006 15.598 007 16.595 008 15.637 007
SN 2007af 1231.77              16.252 006 15.588 006 15.779 006 16.662 008 15.747 006
SN 2007af 1239.69   18.003 022 16.370 006 15.845 006 16.055 007 16.792 008 15.941 007
SN 2007af 1246.66   18.167 022 16.480 006 16.053 006 16.295 008 16.869 007 16.110 007
SN 2007af 1256.68   18.296 037 16.630 005 16.384 005 16.638 007 17.009 008 16.350 006
SN 2007ai 1172.88                         17.636 014 17.879 021 18.154 010 17.825 012
SN 2007ai 1174.87   18.966 043 17.980 008 17.605 016 17.928 017 18.215 014 17.806 012
SN 2007ai 1179.87   19.407 058 18.143 010 17.639 017 18.035 017 18.407 016 17.874 012
SN 2007ai 1181.85   19.572 069 18.254 010 17.700 016 18.115 018 18.536 014 17.933 012
SN 2007ai 1182.82   19.715 083 18.302 010 17.727 017 18.169 024 18.605 014 17.999 014
SN 2007ai 1185.86   20.119 118 18.496 010 17.905 012 18.368 018 18.833 016 18.152 012
SN 2007ai 1190.85   20.681 139 18.877 012 18.139 016 18.548 025 19.305 026 18.439 016
SN 2007ai 1194.86              19.193 032 18.216 017 18.485 025 19.713 066 18.676 025
SN 2007ai 1199.78   21.613 483 19.591 025 18.316 017 18.445 025 20.014 050 18.873 020
SN 2007ai 1200.86                         18.354 017 18.443 029 20.155 071 18.918 024
SN 2007ai 1203.87   21.989 402 19.913 025 18.433 018 18.416 028 20.461 045 19.086 026
SN 2007ai 1213.82              20.591 042 18.990 034 18.824 034 21.043 085 19.669 032
SN 2007ai 1227.85                         19.559 052 19.522 049 21.185 176 20.217 063
SN 2007ai 1231.86              21.121 073 19.625 055 19.681 074 21.351 126 20.227 069
SN 2007ai 1235.77              21.163 048 19.775 053 19.777 067 21.388 073 20.334 049
SN 2007ai 1243.77              21.324 060 20.035 056 20.105 100 21.615 120 20.571 067
SN 2007ai 1259.70              21.631 151 20.451 112 20.590 250 21.632 404 20.768 252
SN 2007as 1181.69   16.829 028 15.928 022 16.037 008 16.615 008 15.976 005 15.823 006
SN 2007as 1182.71   16.903 026 15.923 022 16.021 010 16.643 010 15.992 005 15.804 007
SN 2007as 1185.61   17.136 029 16.006 021 16.043 008 16.693 008 16.102 006 15.833 006
SN 2007as 1190.69   17.662 038 16.313 022 16.378 008 17.138 010 16.478 007 16.049 006
SN 2007as 1194.56   18.099 048 16.652 024 16.689 008 17.411 010 16.925 008 16.325 007
SN 2007as 1197.58   18.654 057 16.937 022 16.789 010 17.426 012 17.319 008 16.520 007
SN 2007as 1203.73   19.254 050 17.540 022 16.826 010 17.156 010 17.994 010 16.855 007
SN 2007as 1207.57   19.620 082 17.946 025 17.002 010 17.120 010 18.353 012 17.124 008
SN 2007as 1213.52   20.007 121 18.421 025 17.450 010 17.549 010 18.794 020 17.587 008
SN 2007as 1218.59   20.211 198 18.600 029 17.747 010 17.888 012 19.011 040 17.839 012
SN 2007as 1224.52              18.788 034 17.954 012 18.189 012 19.144 043 18.013 016
SN 2007as 1227.58              18.809 032 18.072 012 18.328 017 19.194 040 18.125 014
SN 2007as 1229.53              18.879 025 18.144 010 18.410 014 19.232 022 18.206 012
SN 2007as 1231.57              18.890 025 18.166 014 18.482 017 19.189 020 18.244 016
SN 2007as 1236.49   20.268 140 18.988 025 18.368 012 18.700 020 19.323 032 18.414 025
SN 2007as 1239.51   20.525 113 18.995 026 18.511 012 18.835 025 19.341 021 18.464 012
SN 2007as 1243.54   20.667 172 19.080 028 18.642 016 19.005 026 19.411 032 18.614 021
SN 2007as 1245.52   20.438 154 19.139 032 18.676 017 19.077 028 19.409 040 18.640 017
SN 2007as 1259.48   20.550 139 19.311 028 19.145 020 19.505 043 19.602 034 18.958 018
SN 2007ax 1185.55   18.237 036 16.259 005 15.922 007 16.115 008 16.630 008 16.038 006
SN 2007ax 1190.61   18.409 071 16.106 006 15.471 005 15.620 006 16.584 010 15.703 006
SN 2007ax 1194.51   19.133 080 16.594 007 15.583 005 15.639 008 17.183 010 15.986 006
SN 2007ax 1197.55   19.373 121 17.079 008 15.881 006 15.816 008 17.697 014 16.370 008
SN 2007ax 1207.49   19.954 104 18.020 028 16.878 012 16.771 016 18.588 070 17.298 016
SN 2007ax 1213.46   19.799 148 18.180 021 17.251 010 17.073 012 18.707 025 17.596 016
SN 2007ax 1218.50                                    17.332 018
SN 2007ax 1219.48   20.205 203 18.422 021 17.527 012            18.883 038 17.820 018
SN 2007ax 1224.46   20.592 267 18.604 021 17.821 016 17.662 018 19.078 044 18.070 018
SN 2007ax 1229.47              18.687 022 18.032 018 17.792 024 19.235 036 18.274 021
SN 2007ax 1235.45   21.031 248 18.870 032 18.393 022 18.211 029 19.419 035 18.516 025
SN 2007ax 1239.45   20.940 291 19.027 040 18.562 028 18.336 030 19.487 040 18.578 024
SN 2007ax 1246.45              19.071 068 18.837 036 18.433 044 19.531 073 18.812 042
SN 2007ba 1194.83   18.815 064 17.771 012 17.685 016 17.726 021 17.982 017 17.772 014
SN 2007ba 1197.84   18.958 066 17.686 008 17.483 014 17.690 021 17.919 014 17.613 010
SN 2007ba 1200.84                         17.405 014 17.668 025 18.119 014 17.597 010
SN 2007ba 1202.87   19.844 068 17.963 008 17.467 017 17.761 029 18.323 014 17.682 008
SN 2007ba 1203.83   19.842 048 18.047 008 17.493 024 17.902 032 18.466 012 17.729 008
SN 2007ba 1207.78   20.542 098 18.624 010 17.718 028 18.009 036 19.108 017 18.123 010
SN 2007ba 1211.80   21.121 311 19.222 014 17.973 025 18.091 030 19.698 045 18.570 014
SN 2007ba 1213.76   21.348 245 19.431 017 18.062 032 18.057 037 19.952 029 18.753 012
SN 2007ba 1218.83   22.301 482 19.808 025 18.440 035 18.328 037 20.309 060 19.261 029
SN 2007ba 1224.73              20.206 081 19.012 045 18.790 044 20.765 261 19.489 082
SN 2007ba 1227.78              20.422 082 19.005 047 18.929 060 20.706 115 19.775 050
SN 2007ba 1229.78              20.339 059 19.054 055 18.931 071 20.800 112 19.797 045
SN 2007ba 1232.72              20.386 035 19.181 058 19.136 075 20.905 069 19.861 035
SN 2007ba 1235.69              20.585 029                       20.928 053 19.994 032
SN 2007ba 1243.73              20.724 042 19.253 082            21.174 095 20.270 049
SN 2007ba 1246.69              20.890 094 19.612 071            21.168 168 20.429 083
SN 2007ba 1255.60              20.833 117 19.641 097 19.506 129 21.009 231 20.606 137
SN 2007bc 1197.64   16.526 035 15.944 007 15.999 010 16.407 014 16.150 010 16.026 008
SN 2007bc 1199.65   16.489 030 15.866 006 15.935 008 16.472 012 16.083 010 15.943 008
SN 2007bc 1202.66   16.692 029 15.884 007 15.922 008 16.568 014 16.059 012 15.927 006
SN 2007bc 1203.65   16.797 026 15.911 007 15.913 008 16.563 014 16.116 014 15.931 007
SN 2007bc 1224.60   19.816 214 17.842 021 16.802 014 16.971 021 18.558 135 17.170 017
SN 2007bc 1227.61              18.107 014 16.935 010 17.036 014            17.390 012
SN 2007bc 1231.61              18.359 012 17.258 012 17.358 017 18.901 021 17.683 012
SN 2007bc 1232.62              18.418 017 17.325 016 17.399 021 18.952 033 17.720 012
SN 2007bc 1235.54   20.066 085 18.559 010 17.497 010 17.626 016 19.046 021 17.902 012
SN 2007bc 1259.51   20.881 238 19.087 014 18.339 014 18.654 025 19.624 035 18.594 018
SN 2007bd 1197.52   18.266 024 17.633 008 17.670 008 17.792 014 17.739 010 17.717 010
SN 2007bd 1199.53   17.674 017 17.134 008 17.171 010 17.382 017 17.231 008 17.254 010
SN 2007bd 1206.60   17.235 053 16.622 072 16.630 016 17.219 047 16.653 020 16.648 010
SN 2007bd 1207.54   17.254 096 16.549 008 16.605 007 17.257 014 16.665 007 16.636 012
SN 2007bd 1213.49   17.845 022 16.791 005 16.793 006 17.479 010 16.958 007 16.807 007
SN 2007bd 1218.51   18.444 029 17.163 007 17.207 007 18.028 017 17.408 010 17.108 008
SN 2007bd 1224.49   19.334 061 17.774 008 17.408 008 18.021 016 18.159 014 17.478 010
SN 2007bd 1227.55              18.083 010 17.440 008 17.850 014 18.483 020 17.650 010
SN 2007bd 1235.48   20.358 092 18.894 014 17.842 012 17.926 014 19.293 021 18.283 012
SN 2007bd 1239.48   20.668 147 19.177 014 18.131 010 18.203 021 19.606 033 18.611 020
SN 2007bd 1245.47   20.872 301 19.404 032 18.428 016 18.572 025 19.868 063 18.858 029
SN 2007bd 1259.45   21.322 343 19.769 056 18.938 025 19.262 045 20.113 049 19.322 028
SN 2007bd 1418.80   21.906 448 22.171 139 22.820 335 21.472 234 22.411 228 22.114 231
SN 2007bd 1422.81              22.147 131 22.553 236 21.626 222 22.630 246 22.334 241
SN 2007bm 1224.66   15.614 012 14.397 004 14.001 007 14.350 007 14.658 004 14.163 005
SN 2007bm 1227.64              14.425 004 14.002 006 14.435 006 14.721 004 14.144 010
SN 2007bm 1227.64                                                          14.154 003
SN 2007bm 1229.57              14.485 004 14.020 004 14.482 005 14.813 004 14.188 004
SN 2007bm 1229.57                         14.024 004
SN 2007bm 1231.65              14.594 005 14.128 005 14.607 007 14.959 004 14.257 006
SN 2007bm 1235.58   16.720 012 14.863 007 14.395 008 14.867 008 15.326 006 14.480 008
SN 2007bm 1239.60   17.406 014 15.228 005 14.588 005 14.887 007 15.814 005 14.754 004
SN 2007bm 1241.54   17.728 021 15.444 005 14.638 005 14.853 006 16.064 006 14.895 006
SN 2007bm 1241.54   17.741 017 15.444 005
SN 2007bm 1249.54   18.595 076 16.185 008 14.862 004 14.781 004 16.912 014 15.357 006
SN 2007bm 1255.56   19.082 043 16.662 007 15.264 004 15.061 005 17.331 010 15.778 005
SN 2007bm 1259.55   19.178 048 16.861 008 15.531 007 15.365 007 17.523 010 16.018 006
SN 2007ca 1218.67   17.648 020 16.695 006 16.448 006 16.511 006 16.867 008 16.603 008
SN 2007ca 1224.70   16.936 025 16.067 008 15.834 008 16.082 014 16.214 010 15.916 007
SN 2007ca 1227.72              15.978 005 15.746 005 16.133 006 16.162 007 15.847 007
SN 2007ca 1229.68              16.000 004 15.739 004 16.215 005 16.191 006 15.857 006
SN 2007ca 1231.73              16.067 005 15.786 004 16.294 007 16.272 007 15.882 006
SN 2007ca 1232.69              16.100 004 15.807 004 16.325 006 16.316 006 15.911 006
SN 2007ca 1235.65   17.489 016 16.232 007 15.942 007 16.482 010 16.469 008 16.023 008
SN 2007ca 1239.66   17.935 021 16.456 005 16.219 006 16.845 008 16.772 007 16.218 006
SN 2007ca 1243.69   18.423 022 16.751 005 16.462 005 17.047 007 17.174 008 16.450 006
SN 2007ca 1246.63   18.693 036 16.974 006 16.532 005 17.025 008 17.443 010 16.595 008
SN 2007ca 1255.69   19.667 097 17.754 010 16.681 006 16.808 008 18.340 021 17.090 008
SN 2007ca 1259.61   19.964 107 18.072 008 16.825 006 16.816 008 18.604 022 17.316 010
SN 2007hx 1354.74   20.239 061 19.287 010 19.053 010 19.386 024 19.415 016 19.158 017
SN 2007hx 1354.74                                                          19.180 016
SN 2007hx 1357.82   20.398 129 19.307 017 19.055 017 19.393 035 19.537 029 19.176 021
SN 2007hx 1359.77   20.590 393 19.341 033 19.118 067 19.516 106 19.477 068 19.163 053
SN 2007hx 1363.68   20.993 133 19.685 024 19.296 017 19.685 029 19.897 042 19.450 029
SN 2007hx 1365.77   21.226 192 19.787 028 19.385 021 19.838 045 19.985 042 19.465 029
SN 2007hx 1376.69              20.677 032 19.875 026 20.017 042 21.344 073 20.174 030
SN 2007hx 1378.79              21.139 053 19.957 033 20.032 041 21.609 111 20.284 053
SN 2007hx 1380.78              21.160 049 20.051 030 19.859 042 21.656 070 20.576 052
SN 2007hx 1383.69              21.449 060 20.202 034 19.876 048 21.841 107 20.718 059
SN 2007hx 1392.74              21.885 101 20.643 058 20.418 071 22.070 163 21.110 099
SN 2007hx 1395.78                         20.661 300 20.534 439
SN 2007hx 1403.73              22.124 238 21.106 111 20.840 129 22.131 303 21.640 217
SN 2007hx 1411.69              22.548 146 21.269 064 21.278 118 22.583 179 21.591 107
SN 2007if 1357.76              17.782 007 17.503 007 17.840 010 18.039 012 17.581 008
SN 2007if 1359.73   19.519 095 17.912 008 17.568 008 17.879 012 18.248 017 17.658 010
SN 2007if 1362.73   20.038 080 18.171 008 17.675 008 17.963 012 18.538 014 17.826 010
SN 2007if 1363.73   20.105 077 18.254 008                       18.645 016
SN 2007if 1364.67              18.337 012 17.755 008 17.984 012 18.712 025 17.945 014
SN 2007if 1366.75                                               18.975 076
SN 2007if 1368.71              18.634 070 17.952 029 17.997 026 19.043 091 18.204 038
SN 2007if 1376.64   21.132 166 19.288 012 18.294 008 18.238 010 19.965 035 18.759 012
SN 2007if 1380.67   21.614 177 19.495 014 18.436 012 18.313 012 20.120 029 18.937 016
SN 2007if 1386.67 a 22.111 232 19.729 008 18.646 005 18.519 008 20.303 021 19.144 008
SN 2007if 1392.72              19.829 028 18.825 012 18.727 021 20.462 058 19.295 021
SN 2007if 1395.71              19.858 065 18.956 028 18.790 028            19.281 050
SN 2007if 1403.70              20.112 053 19.160 026 19.124 034 20.646 116 19.621 042
SN 2007if 1409.65              20.246 025 19.311 017 19.440 029 20.735 053 19.725 026
SN 2007if 1421.63              20.375 042 19.616 025 19.766 036 20.815 074 19.876 038
SN 2007if 1428.61              20.706 230 19.649 075 19.857 104            20.064 177
SN 2007if 1435.58              20.581 025 19.944 022 20.168 057 21.122 068 20.128 032
SN 2007if 1443.58              20.731 026 20.137 021 20.503 055 21.232 049 20.277 029
SN 2007jg 1363.81   18.716 025 17.602 007 17.624 014 17.988 018 17.728 008 17.631 008
SN 2007jg 1364.84   18.689 026 17.542 007 17.560 010 18.014 021 17.675 008 17.583 008
SN 2007jg 1365.86   18.673 024 17.517 005 17.499 010 18.030 017 17.651 008 17.544 008
SN 2007jg 1368.83              17.553 010 17.449 014 18.120 025 17.684 016 17.511 014
SN 2007jg 1376.79   19.747 049 17.988 006 17.816 008 18.687 028 18.261 010 17.814 008
SN 2007jg 1378.86   19.834 085 18.182 008 17.984 014 18.816 035 18.503 014 17.962 010
SN 2007jg 1380.84   20.097 072 18.392 010 18.095 016 18.904 037 18.781 018 18.110 010
SN 2007jg 1383.76   20.684 139 18.687 010 18.221 014 18.898 040 19.104 017 18.311 012
SN 2007jg 1385.85   21.699 425 18.910 012 18.254 016 18.921 042 19.366 021 18.403 012
SN 2007jg 1392.83              19.543 018 18.370 017 18.647 032 19.955 029 18.825 017
SN 2007jg 1394.77              19.692 021 18.497 017 18.644 032 20.075 036 18.982 017
SN 2007jg 1395.81              19.702 052 18.527 030            20.137 271 19.088 089
SN 2007jg 1397.74              19.889 050 18.679 020 18.758 028 20.239 097 19.125 030
SN 2007jg 1403.82              20.177 060 19.108 025 19.297 042 20.539 107 19.534 043
SN 2007jg 1411.74              20.559 032 19.493 033 19.772 058 20.885 064 19.910 028
SN 2007jg 1413.74              20.655 053 19.682 047            20.891 073 19.852 036
SN 2007jg 1417.73              20.677 036 19.738 042 20.005 079 20.954 065 20.004 033
SN 2007jg 1421.69                         19.877 045 20.312 107 20.985 064 20.180 035
SN 2007jg 1423.67              20.658 063 19.865 048 20.459 122 20.840 103 20.105 063
SN 2007jg 1425.76                         19.915 070 20.664 171 20.914 170 20.028 088
SN 2007jh 1363.85              18.581 014 18.366 016 18.556 022 18.803 018 18.519 014
SN 2007jh 1364.88              18.516 010 18.301 014 18.589 035 18.754 016 18.435 016
SN 2007jh 1368.86              18.552 021 18.191 018 18.598 041 18.837 034 18.366 021
SN 2007jh 1376.84              19.543 029 18.575 016 18.891 022 19.993 047 18.911 021
SN 2007jh 1378.89              19.825 029 18.700 017 18.902 033            18.950 107
SN 2007jh 1380.87              20.066 025 18.793 033 18.842 025 20.734 345 19.270 045
SN 2007jh 1385.89                                                          19.602 090
SN 2007jh 1392.85              20.929 058 19.660 042 19.648 064 21.281 143 20.209 077
SN 2007jh 1394.79              21.083 079 19.763 044 19.756 049 21.385 088 20.447 058
SN 2007jh 1395.85              21.240 164 19.929 044 19.750 068 21.682 192 20.534 081
SN 2007jh 1398.84                         19.873 082 19.839 073
SN 2007jh 1409.86              21.388 132 20.412 074
SN 2007jh 1413.79              21.428 089            20.307 116
SN 2007jh 1425.79              21.604 212 21.136 223 20.465 244            21.656 298
SN 2007le 1387.78 a 16.764 018 15.455 005 15.127 005 15.472 007 15.657 006 15.321 007
SN 2007le 1388.58 a 16.357 017 15.142 005 14.813 004 15.131 004 15.310 005 15.006 005
SN 2007le 1392.59   15.170 017 14.238 006 14.002 007 14.333 008 14.346 006 14.124 006
SN 2007le 1392.59              14.234 007
SN 2007le 1394.59              14.023 006 13.815 006 14.189 008 14.142 008 13.921 008
SN 2007le 1395.59   14.934 032 13.963 006 13.754 006 14.162 006 14.085 008 13.851 006
SN 2007le 1398.50                         13.650 006 14.170 008 14.011 008 13.739 007
SN 2007le 1400.58   14.958 021 13.871 005 13.608 004 14.219 006 14.021 007 13.698 006
SN 2007le 1403.55   15.116 018 13.914 004 13.631 007 14.286 006 14.113 007 13.713 006
SN 2007le 1403.55                         13.621 006 14.295 006
SN 2007le 1407.61   15.442 024 14.090 005 13.825 004 14.498 007 14.352 006 13.843 005
SN 2007le 1409.57   15.596 025 14.217 006 13.963 006 14.644 008 14.519 008 13.948 007
SN 2007le 1411.57   15.875 021 14.364 006 14.114 006 14.836 008 14.714 006 14.077 006
SN 2007le 1413.59   16.130 021 14.523 004 14.250 004 14.923 005 14.924 007 14.217 004
SN 2007le 1417.62   16.629 026 14.853 006 14.347 006 14.867 008 15.365 008 14.424 006
SN 2007le 1426.55   17.556 024 15.618 008 14.480 006 14.643 008 16.190 010 14.877 006
SN 2007le 1428.56   17.647 070 15.779 006 14.562 004 14.655 004 16.361 012 14.986 006
SN 2007le 1428.56   17.795 055
SN 2007le 1430.54   17.845 041 15.926 007 14.672 007 14.696 008 16.498 010 15.114 008
SN 2007le 1435.53   18.146 044 16.229 006 15.031 005 15.075 006 16.770 008 15.450 006
SN 2007le 1440.55   18.257 041 16.405 006 15.284 005 15.379 006 16.922 010 15.673 006
SN 2007le 1443.62              16.475 007 15.397 004 15.522 006 16.984 010 15.767 005
SN 2007le 1445.54   18.315 030 16.518 008 15.461 008 15.611 010 16.998 010 15.822 008
SN 2007le 1449.54   18.391 065 16.593 007 15.598 004 15.784 006 17.033 010 15.940 006
SN 2007le 1455.53   18.477 070 16.690 008 15.804 006 16.016 008 17.124 014 16.093 008
SN 2007le 1456.54   18.404 085 16.700 008 15.840 008 16.047 008 17.176 017 16.122 008
SN 2007le 1457.52   18.623 058 16.704 008 15.873 007 16.090 008 17.167 021 16.167 010
SN 2007le 1466.52   18.624 037 16.864 008 16.165 007 16.412 008 17.238 021 16.395 014
SN 2007le 1470.54   18.679 036 16.934 008 16.283 008 16.559 010 17.357 012 16.486 010
SN 2007mm 1385.69   21.583 250 20.343 026 20.156 036 20.134 064 20.555 050 20.071 035
SN 2007mm 1392.65   21.775 173 19.737 014 19.316 014 19.465 018 20.165 025 19.392 017
SN 2007mm 1394.66              19.751 017 19.256 017 19.407 022 20.210 037 19.384 020
SN 2007mm 1395.63   22.106 539 19.825 022 19.175 018 19.388 026 20.228 056 19.382 032
SN 2007mm 1400.70              20.426 099 19.466 051 19.528 043 21.354 256 19.828 074
SN 2007mm 1403.62              21.002 042 19.721 020 19.701 026 21.580 067 20.177 025
SN 2007mm 1407.77                         19.995 040
SN 2007mm 1409.71              21.552 041 20.225 022 19.978 029 22.177 108 20.869 042
SN 2007mm 1418.69              22.068 091 20.905 053 20.721 082 22.334 171 21.471 088
SN 2007nq 1397.63   18.079 029 17.428 012 17.485 012 17.935 017 17.557 014 17.493 014
SN 2007nq 1400.65              17.413 010 17.443 010 17.964 017 17.587 017 17.463 012
SN 2007nq 1403.58              17.561 007 17.509 008 18.047 012 17.732 008 17.552 008
SN 2007nq 1407.73   19.454 094 17.921 008 17.777 008 18.465 016 18.162 014 17.779 010
SN 2007nq 1409.63   19.583 049 18.105 010 17.900 012 18.576 018 18.418 014 17.920 012
SN 2007nq 1411.60   20.010 058 18.376 008 18.005 010 18.605 017 18.728 012 18.071 010
SN 2007nq 1413.61   20.451 121 18.648 010 18.056 008 18.497 020 19.015 020 18.231 014
SN 2007nq 1421.61   21.398 271 19.597 022 18.450 012 18.448 016 20.056 035 18.962 020
SN 2007nq 1422.62              19.736 029 18.546 012 18.506 017 20.079 050 19.057 024
SN 2007nq 1423.60              19.839 034 18.608 014 18.644 021 20.245 065 19.101 026
SN 2007nq 1427.65              20.053 084 18.951 029 18.924 035 20.645 195 19.340 050
SN 2007nq 1430.61              20.235 071 19.140 025 19.110 029 20.763 175 19.532 048
SN 2007nq 1435.55   21.845 241 20.355 024 19.338 014 19.438 029 20.723 043 19.787 021
SN 2007nq 1440.58   21.859 247 20.378 289 19.469 017 19.730 032 20.931 050 19.916 026
SN 2007nq 1440.58              20.462 024
SN 2007nq 1443.65              20.525 042 19.613 029 19.819 059 20.866 076 20.033 037
SN 2007nq 1445.60   21.901 387 20.626 029 19.645 018 19.844 035 20.957 058 20.070 026
SN 2007nq 1449.57              20.674 042 19.813 032 20.001 036 21.084 089 20.195 049
SN 2007nq 1455.56              20.739 110 19.999 058 20.335 104 21.199 217
SN 2007nq 1456.56              20.751 117 19.988 060 20.330 081 20.995 215 20.317 105
SN 2007nq 1457.55              20.739 116 19.989 056 20.282 086 20.968 173 20.376 118
SN 2007nq 1458.54              20.896 126 20.008 049 20.318 077
SN 2007nq 1466.55              20.893 045 20.359 034 20.696 070 21.237 070 20.573 038
SN 2007nq 1468.55              20.935 044 20.404 035 20.662 071 21.298 075 20.568 044
SN 2007nq 1472.53              20.892 171 20.382 065 21.009 141 21.305 086 20.615 052
SN 2007nq 1476.55              21.053 058 20.632 044 21.139 117 21.391 138 20.745 064
SN 2007on 1411.78   14.473 008 14.111 006 14.176 008 14.338 008 14.192 007 14.167 007
SN 2007on 1413.81   13.967 008 13.587 003 13.639 003 13.826 007 13.670 004 13.652 005
SN 2007on 1417.71   13.664 016 13.060 007 13.096 008 13.383 014 13.158 008 13.118 008
SN 2007on 1417.71   13.645 008            13.092 008 13.388 010            13.118 008
SN 2007on 1417.71                         13.091 008 13.392 010
SN 2007on 1418.74   13.778 014 13.016 008 13.061 008 13.437 012 13.151 008 13.092 008
SN 2007on 1421.72   13.930 010 12.954 005 12.966 007 13.439 010 13.104 006 12.960 008
SN 2007on 1422.72   14.065 016 12.995 005 12.967 008 13.467 010 13.157 008 12.964 007
SN 2007on 1422.72   14.041 016 12.995 007 12.962 007 13.461 010 13.169 007 12.962 008
SN 2007on 1423.70   14.218 008 13.087 006 13.022 007 13.572 012 13.263 006 13.041 008
SN 2007on 1423.70                                    13.558 008
SN 2007on 1425.72   14.504 010 13.216 004 13.099 004 13.646 010 13.470 007 13.082 007
SN 2007on 1426.66   14.714 017 13.337 006 13.192 007 13.721 012 13.606 008 13.153 008
SN 2007on 1426.66                                    13.708 012
SN 2007on 1427.68   14.881 017            13.244 008 13.748 014 13.768 008 13.230 008
SN 2007on 1428.72   15.104 022 13.596 004 13.321 005 13.791 010 13.957 007 13.328 007
SN 2007on 1429.68   15.299 021 13.722 006 13.366 006 13.807 010 14.119 008 13.421 008
SN 2007on 1430.67   15.520 024 13.857 007 13.418 006 13.799 010 14.285 008 13.502 008
SN 2007on 1435.66   16.237 025 14.540 007 13.643 007 13.752 010 15.001 008 13.951 008
SN 2007on 1440.69   16.613 021 15.030 008 14.096 007 14.080 010 15.480 008 14.445 008
SN 2007on 1443.72   16.756 016 15.259 005 14.393 005 14.393 008 15.689 008 14.684 006
SN 2007on 1445.72   16.853 014 15.364 005 14.528 006 14.541 008 15.780 008 14.806 007
SN 2007on 1447.65   16.933 028 15.439 008 14.650 008 14.683 010 15.871 008 14.910 008
SN 2007on 1449.69   17.063 029 15.534 008 14.769 008 14.809 010 15.949 008 14.996 010
SN 2007on 1453.64   17.110 030 15.654 007 14.966 007 15.012 010 16.074 010 15.151 008
SN 2007on 1455.61   17.180 034 15.722 008 15.053 008 15.112 010 16.124 008 15.226 008
SN 2007on 1456.67   17.214 038 15.745 007 15.099 006 15.165 010 16.163 010 15.255 008
SN 2007on 1457.62   17.254 026 15.769 008 15.139 007 15.208 010 16.183 010 15.284 008
SN 2007on 1458.68   17.289 030 15.802 008 15.186 007 15.257 010 16.213 010 15.325 008
SN 2007on 1462.72   17.389 024 15.900 007 15.360 006 15.429 010 16.313 008 15.462 008
SN 2007on 1467.63   17.550 036 16.025 007 15.552 007 15.643 010 16.430 010 15.611 008
SN 2007on 1468.63   17.660 037 16.037 008 15.587 008 15.684 012 16.464 010 15.652 012
SN 2007on 1470.59   17.618 037 16.097 010 15.683 012 15.773 014 16.471 012 15.695 010
SN 2007on 1472.61   17.743 038 16.123 010 15.741 012 15.836 014 16.543 012 15.771 012
SN 2007on 1475.61   17.754 047 16.198 007 15.877 008 15.952 010 16.591 012 15.849 008
SN 2007on 1476.64   17.802 025 16.205 008 15.917 010 15.989 014 16.615 012 15.891 010
SN 2007on 1484.59   18.130 080 16.372 008 16.239 010 16.280 014 16.745 014 16.103 010
SN 2007on 1488.57   18.238 087 16.447 008 16.403 010 16.425 014 16.855 014 16.232 010
SN 2007on 1490.57   18.252 029 16.488 008 16.482 008 16.480 010 16.875 010 16.292 010
SN 2007on 1494.61   18.350 022 16.566 007 16.647 008 16.611 010 16.940 010 16.392 008
SN 2007on 1497.61   18.399 082 16.641 008 16.749 010 16.709 014 16.994 014 16.488 010
SN 2007on 1499.60              16.682 008 16.842 008 16.749 014 17.034 016 16.565 020
SN 2007on 1508.60   18.893 066 16.862 008 17.178 012 17.026 014 17.211 014 16.797 012
SN 2008C  1469.80   16.948 044 15.817 010 15.700 008 16.266 010 15.996 008 15.791 007
SN 2008C  1470.67   17.049 050 15.880 006 15.704 008 16.288 014 16.058 008 15.793 008
SN 2008C  1475.65   17.422 035 16.139 007 15.804 012 16.554 017 16.412 010 15.929 008
SN 2008C  1476.66   17.599 021 16.179 008 16.029 018 16.591 020 16.511 010 16.003 008
SN 2008C  1478.65   17.891 028 16.361 007 16.106 010 16.802 025 16.736 010 16.115 008
SN 2008C  1480.65   18.228 056 16.620 010 16.245 012 16.850 017 16.963 012 16.294 010
SN 2008C  1484.60   18.461 154 16.849 021 16.284 010 16.636 021 17.423 029 16.524 017
SN 2008C  1488.64   19.108 404            16.277 020 16.559 021 17.839 058 16.852 035
SN 2008C  1492.71   19.482 215 17.721 021 16.554 012 16.621 014 18.148 035 17.044 012
SN 2008C  1492.71              17.706 014
SN 2008C  1497.62   20.058 461 18.107 020 16.841 012 16.736 016 18.683 057 17.196 021
SN 2008C  1499.61              18.243 022 17.168 022 16.938 017 19.045 096 17.260 025
SN 2008C  1517.58              18.598 076 18.015 065            19.102 168
SN 2008C  1521.57                         17.981 033 17.991 042 19.360 112 18.272 043
SN 2008C  1523.55                         17.951 025 17.998 040 19.530 117 18.381 042
SN 2008C  1527.54              18.866 034 17.922 026 18.333 055 19.414 091
SN 2008C  1532.54              18.907 025 18.234 028 18.298 036 19.390 058 18.504 032
SN 2008C  1541.58              18.824 055 18.006 050            19.677 132
SN 2008C  1543.52              18.435 052 18.356 040 18.965 082 19.079 082 18.257 048
SN 2008C  1545.50              18.848 040 18.832 095 18.614 045 19.393 084 18.654 042
SN 2008C  1547.50              19.285 070 18.617 035 18.865 055 19.617 090 19.061 081
SN 2008C  1552.49              19.083 025 18.632 029 19.195 080 19.713 079 19.028 043
SN 2008C  1558.48              18.679 090
SN 2008R  1493.62   16.226 016 15.425 005 15.384 006 15.706 007 15.559 006 15.447 006
SN 2008R  1494.57   16.277 014 15.392 006 15.349 007 15.724 010 15.531 007 15.410 008
SN 2008R  1497.58   16.567 016 15.434 004 15.310 006 15.773 007 15.653 006 15.383 006
SN 2008R  1499.57   16.848 017 15.564 004 15.381 004 15.871 006 15.842 006 15.436 006
SN 2008R  1508.56   18.371 024 16.684 005 15.892 005 16.122 007 17.185 008 16.148 007
SN 2008R  1512.54   18.885 069 17.182 007 16.090 005 16.124 006 17.686 014 16.491 008
SN 2008R  1515.56              17.474 010 16.366 008 16.304 010
SN 2008R  1517.57                                               18.118 028 16.997 010
SN 2008R  1519.55   19.391 097 17.812 016 16.753 008 16.691 008 18.258 017 17.139 010
SN 2008R  1521.52   19.424 042 17.905 008 16.898 006 16.852 008 18.359 014 17.265 008
SN 2008R  1523.51   19.682 066 17.997 014 17.013 008 17.001 008 18.470 012 17.374 008
SN 2008R  1527.50   19.644 060 18.141 021 17.219 008 17.207 010 18.600 016 17.533 010
SN 2008R  1532.51                         17.406 008 17.470 010            17.719 010
SN 2008bc 1539.81   17.531 021 16.553 006 16.426 005 16.688 007            16.540 008
SN 2008bc 1539.81                                                          16.523 005
SN 2008bc 1540.58 a 17.227 014 16.366 005 16.241 008 16.471 008 16.487 007 16.343 006
SN 2008bc 1541.66   16.911 010 16.116 007 16.018 008 16.246 008 16.242 008 16.135 008
SN 2008bc 1542.55   16.716 008 15.987 006 15.898 008 16.121 010 16.104 006 15.977 007
SN 2008bc 1543.59   16.560 010 15.854 004 15.772 007 16.035 008 15.970 005 15.850 007
SN 2008bc 1545.67   16.372 010 15.663 007 15.597 008 15.936 010 15.777 007 15.655 008
SN 2008bc 1547.58   16.304 010 15.574 008 15.518 010 15.947 014 15.684 007 15.553 008
SN 2008bc 1548.57   16.279 010 15.550 005 15.466 005 15.950 006 15.668 005 15.522 004
SN 2008bc 1549.57   16.316 010 15.530 006 15.452 007 15.994 007 15.667 006 15.504 006
SN 2008bc 1551.68   16.419 008 15.558 004 15.427 005 16.044 008 15.703 005 15.489 007
SN 2008bc 1552.68   16.473 008 15.570 004 15.435 005 16.086 006 15.728 005 15.507 004
SN 2008bc 1558.55   16.923 008 15.786 007 15.663 008 16.357 012 16.004 006 15.685 006
SN 2008bc 1560.60   17.138 012 15.909 007 15.829 008 16.549 012 16.148 006 15.796 008
SN 2008bc 1562.60   17.394 012 16.054 008 15.974 010 16.714 012 16.332 006 15.913 008
SN 2008bc 1564.60   17.633 016 16.212 005 16.111 007 16.860 008 16.534 005 16.045 005
SN 2008bc 1566.62   17.897 016 16.384 006 16.188 008 16.888 008 16.756 007 16.160 008
SN 2008bc 1568.59   18.171 016 16.539 007 16.224 008 16.852 010 16.966 007 16.251 007
SN 2008bc 1569.71   18.276 020 16.636 004 16.246 005 16.814 008 17.079 006 16.303 006
SN 2008bc 1570.54   18.381 024 16.702 007                       17.162 007
SN 2008bc 1571.52   18.502 026 16.787 008 16.257 008 16.756 010 17.255 008 16.390 008
SN 2008bc 1573.55   18.670 035 16.961 006 16.267 005 16.690 008 17.457 008 16.482 006
SN 2008bc 1574.62   18.807 058 17.060 006 16.296 006 16.677 008 17.552 012 16.546 007
SN 2008bc 1575.59   18.979 051 17.130 008 16.282 010 16.615 014 17.681 010 16.601 010
SN 2008bc 1576.55   19.099 069 17.231 008 16.320 008 16.611 010 17.754 014 16.645 008
SN 2008bc 1582.57   19.470 035 17.707 006 16.565 006 16.635 008 18.212 008 17.009 007
SN 2008bc 1589.55   19.775 055 18.085 008 17.024 007 17.105 008 18.537 012 17.436 008
SN 2008bc 1592.52   19.888 041 18.177 008 17.149 008 17.280 010 18.639 012 17.542 008
SN 2008bc 1595.64   19.909 053 18.257 007 17.286 008 17.443 008 18.735 012 17.685 007
SN 2008bc 1606.49   20.582 301 18.420 035 17.678 067 17.890 014 18.937 110 17.954 014
SN 2008bc 1618.50   20.403 126 18.670 012 18.047 012 18.411 021 19.055 016 18.295 012
SN 2008bc 1626.47              18.800 016 18.314 016 18.613 021 19.185 018 18.465 012
SN 2008bc 1644.45   20.767 172 19.125 052 18.855 030 19.172 049 19.435 024 18.910 020
SN 2008bc 1646.45   20.835 129 19.091 042 18.833 025 19.204 033 19.469 020 18.897 017
SN 2008bq 1562.48   17.764 017 16.916 007 16.875 006 17.391 008 17.028 007 16.939 006
SN 2008bq 1566.51   18.006 014 16.955 008 16.821 010 17.478 014 17.123 010 16.954 008
SN 2008bq 1568.47   18.173 016 17.026 007 16.866 008 17.516 010 17.186 008 16.992 008
SN 2008bq 1569.49   18.232 025 17.066 014 16.903 007 17.554 012 17.247 008 17.013 007
SN 2008bq 1570.48   18.368 021 17.109 007 16.943 007 17.582 010 17.293 008 17.046 008
SN 2008bq 1572.47   18.530 025 17.219 008 17.023 008 17.698 010 17.429 008 17.129 008
SN 2008bq 1573.49   18.696 042 17.289 006 17.089 007 17.769 010 17.504 008 17.171 008
SN 2008bq 1574.46   18.729 034 17.367 010 17.143 008 17.874 016 17.591 010 17.219 012
SN 2008bq 1575.49   18.923 047 17.426 008 17.206 008 17.947 012 17.718 012 17.275 010
SN 2008bq 1576.47   19.112 051 17.510 008 17.277 008 17.998 012 17.810 012 17.344 008
SN 2008bq 1580.48   19.700 037 17.905 008 17.453 008 18.094 014 18.249 010 17.597 008
SN 2008bq 1589.49   20.742 117 18.687 010 17.634 008 17.938 010 19.137 017 18.094 010
SN 2008bq 1591.46   20.794 101 18.814 022 17.706 010 17.942 017 19.288 017 18.196 012
SN 2008bq 1595.47   21.062 126 19.163 014 17.892 008 17.947 010 19.579 024 18.437 012
SN 2008bq 1599.47   21.164 163 19.446 017 18.185 010 18.212 012 19.845 035 18.705 016
SN 2008bq 1606.45   21.135 462 19.664 061 18.529 020 18.677 022 20.173 189 19.027 030
SN 2008fp 1724.82   15.610 017 14.571 007 14.106 008 14.080 008 14.903 007 14.277 006
SN 2008fp 1725.82   15.549 024 14.475 006 14.011 004 14.024 005 14.799 008 14.171 006
SN 2008fp 1726.82   15.485 021 14.397 006 13.942 005 13.992 006 14.730 007 14.099 006
SN 2008fp 1728.81   15.468 022 14.296 007 13.851 006 13.997 006 14.628 010 13.993 007
SN 2008fp 1729.80   15.476 025 14.282 007 13.818 005 14.007 005            13.962 006
SN 2008fp 1732.80   15.589 018 14.326 006 13.817 004 14.130 006 14.667 007 13.963 006
SN 2008fp 1732.80   15.631 010 14.321 006 13.808 008 14.119 007 14.656 007 13.978 006
SN 2008fp 1732.80                         13.798 006
SN 2008fp 1740.80   16.254 010 14.580 004 14.111 004 14.545 004 15.052 005 14.199 004
SN 2008fp 1744.81   16.793 012 14.876 006 14.411 005 14.847 007 15.426 006 14.469 005
SN 2008fp 1747.81   17.219 012 15.124 006 14.520 006 14.850 006 15.755 008 14.652 006
SN 2008fp 1749.80   17.551 014 15.292 006 14.548 005 14.802 006 15.984 006 14.751 005
SN 2008fp 1751.78   17.875 058 15.463 008 14.593 006 14.752 007 16.192 022 14.851 012
SN 2008fp 1751.78   17.712 043
SN 2008fp 1753.87   18.100 020 15.648 006 14.598 005 14.677 006 16.404 008 14.959 005
SN 2008fp 1759.84   18.726 021 16.151 008 14.752 007 14.578 008 16.972 010 15.276 007
SN 2008fp 1760.80   18.779 020 16.227 007 14.792 007 14.597 007 17.033 010 15.328 007
SN 2008fp 1765.82   19.066 021 16.548 006 15.129 004 14.882 004 17.314 007 15.652 005
SN 2008fp 1768.81   19.108 021 16.672 008 15.312 008 15.088 008 17.455 010 15.806 008
SN 2008fp 1770.79   19.155 021 16.751 006 15.407 004 15.201 004 17.519 008 15.892 005
SN 2008fp 1779.82   19.413 025 16.964 008 15.783 008 15.636 008 17.702 008 16.172 008
SN 2008fp 1781.82   19.426 029 16.993 007 15.849 008 15.720 008 17.726 008 16.227 008
SN 2008fp 1783.79   19.487 037 17.029 008 15.922 007 15.796 008 17.762 010 16.296 008
SN 2008fp 1790.82   19.577 024 17.158 008 16.161 008 16.075 008 17.870 010 16.479 008
SN 2008fp 1792.76   19.643 021 17.181 010 16.224 008 16.158 010 17.891 012 16.523 010
SN 2008fp 1795.75   19.676 024 17.241 010 16.316 012 16.289 012 17.923 010 16.603 010
SN 2008fp 1797.85              17.280 007            16.349 008 17.940 008 16.659 008
SN 2008fp 1803.81   19.851 025 17.388 007 16.580 005 16.567 006 18.041 008 16.814 008
SN 2008fp 1809.72   19.954 034 17.495 008 16.769 008 16.773 008 18.127 010 16.975 008
SN 2008fp 1813.81              17.540 010 16.894 008 16.918 008 18.186 014 17.069 008
SN 2008fp 1820.71   20.106 049 17.682 010 17.101 010 17.149 010 18.280 012 17.236 010
SN 2008gp 1768.74                         17.898 012 18.117 014 18.008 010 17.860 012
SN 2008gp 1770.74                                               17.566 008 17.449 008
SN 2008gp 1772.77   17.552 012 17.103 007 17.181 007 17.406 010 17.251 008 17.151 008
SN 2008gp 1776.71   17.289 010 16.797 006 16.900 006 17.279 008 16.957 007 16.874 006
SN 2008gp 1779.76   17.327 012 16.754 008 16.801 010 17.353 012 16.929 010 16.806 010
SN 2008gp 1781.74   17.461 014 16.773 010 16.813 010 17.408 014 16.961 010 16.823 010
SN 2008gp 1783.73   17.683 021 16.855 010 16.826 010 17.412 018 17.025 010 16.862 012
SN 2008gp 1786.83              16.997 008 16.937 008 17.547 012 17.190 010 16.926 010
SN 2008gp 1790.72   18.493 017 17.247 008 17.171 010 17.898 012 17.529 008 17.139 008
SN 2008gp 1792.68              17.425 008 17.302 008 18.029 012 17.753 010 17.254 008
SN 2008gp 1793.69                         17.356 008 18.013 014 17.869 010 17.324 008
SN 2008gp 1795.72                         17.425 012 18.057 017 18.134 012 17.461 012
SN 2008gp 1801.76   20.059 048 18.346 008 17.583 008 17.939 014 18.855 016 17.844 012
SN 2008gp 1802.71   20.139 044 18.429 010 17.596 008 17.944 012 18.923 014 17.908 010
SN 2008gp 1803.79              18.545 010 17.607 008 17.875 012 19.023 018 17.960 012
SN 2008gp 1806.72   20.533 084 18.805 012 17.734 008 17.883 012 19.323 021 18.180 012
SN 2008gp 1808.72   20.541 087 18.961 017 17.804 010 17.912 012 19.500 028 18.292 014
SN 2008gp 1809.69              19.035 028 17.867 010 17.922 012 19.534 041 18.388 018
SN 2008gp 1810.70   20.553 192 19.123 034 17.929 014 17.980 017 19.572 068 18.404 024
SN 2008gp 1813.62   20.805 203 19.317 041 18.101 014 18.105 014 19.906 084 18.593 029
SN 2008hv 1806.78   17.130 012 16.352 007 16.379 008 16.705 008 16.492 007 16.327 006
SN 2008hv 1808.80   16.186 010 15.647 004 15.728 004 15.984 006 15.769 005 15.691 005
SN 2008hv 1809.78   15.903 008 15.406 005 15.494 008 15.739 010 15.530 005 15.465 006
SN 2008hv 1810.79   15.698 008 15.208 006 15.295 007 15.558 008 15.342 006 15.296 005
SN 2008hv 1813.78   15.408 014 14.889 005 15.012 005 15.394 006 15.006 006 14.959 005
SN 2008hv 1817.76   15.420 010 14.788 006 14.870 007 15.531 008 14.909 006 14.822 006
SN 2008hv 1818.76   15.495 010 14.798 005 14.861 007 15.540 008 14.938 006 14.826 007
SN 2008hv 1827.75   16.430 010 15.310 005 15.440 004 16.248 007 15.585 004 15.250 004
SN 2008hv 1830.73   16.918 010 15.589 007 15.602 008 16.325 008 15.963 006 15.454 007
SN 2008hv 1831.76   17.092 010 15.703 006 15.631 007 16.305 008 16.100 005 15.508 005
SN 2008hv 1834.82   17.601 012 16.028 006 15.683 008 16.211 008 16.496 006 15.702 006
SN 2008hv 1837.80   17.969 014 16.347 004 15.729 004 16.110 006 16.847 007 15.894 006
SN 2008hv 1838.79   18.070 016 16.449 007 15.742 008 16.054 010 16.956 008 15.945 007
SN 2008hv 1839.75   18.196 017 16.572 007 15.798 006 16.053 008 17.071 007 16.043 007
SN 2008hv 1840.73   18.302 022 16.694 008 15.859 007 16.050 008 17.165 010 16.122 007
SN 2008hv 1841.73   18.424 029 16.800 008 15.924 008 16.076 008 17.293 012 16.203 008
SN 2008hv 1842.85   18.497 049 16.906 010 16.014 007 16.131 008 17.387 016 16.303 008
SN 2008hv 1842.85   18.498 049 16.906 010 16.014 007 16.131 008 17.387 016 16.303 008
SN 2008hv 1844.77   18.563 034 17.063 010 16.162 008 16.265 008 17.526 017 16.458 008
SN 2008hv 1856.75   19.094 026 17.574 010 16.826 010 17.050 012 18.036 010 17.047 010
SN 2008hv 1867.70   19.363 035 17.819 008 17.239 008 17.520 014 18.272 010 17.355 010
SN 2008hv 1870.67   19.409 072 17.912 014 17.353 010 17.656 014 18.316 021 17.462 012
SN 2008hv 1870.67                                                          17.476 010
SN 2008hv 1874.63   19.446 064 17.942 012 17.466 008 17.816 014 18.381 017 17.579 012
SN 2008hv 1878.64   19.587 033 18.010 010 17.601 014 17.966 021 18.454 012 17.670 010
SN 2008hv 1884.66   19.739 033 18.104 014 17.783 017 18.152 024 18.548 010 17.804 010
SN 2008hv 1895.62 a 19.897 052 18.307 006 18.180 010 18.570 017 18.707 010 18.127 008
SN 2008ia 1809.76   17.547 014 16.661 007 16.542 008 16.824 010 16.828 008 16.645 008
SN 2008ia 1810.83   17.483 012 16.598 007 16.511 008 16.831 010 16.749 008 16.572 008
SN 2008ia 1813.70   17.449 017 16.624 016 16.402 007 16.915 008 16.737 008 16.502 008
SN 2008ia 1818.73   17.896 016 16.726 008 16.520 008 17.094 012 16.936 008 16.616 008
SN 2008ia 1821.78   18.222 014 16.932 008 16.824 021 17.387 021 17.195 008 16.764 008
SN 2008ia 1830.70   19.636 042 17.803 010 17.186 008 17.519 017 18.315 012 17.372 010
SN 2008ia 1831.73   19.710 040 17.931 010 17.205 010 17.532 012 18.419 014 17.433 010
SN 2008ia 1834.74   20.205 061 18.240 012 17.256 008 17.444 017 18.705 021 17.599 012
SN 2008ia 1838.76   20.534 080 18.683 017 17.595 029 17.441 017 19.123 024 17.952 016
SN 2008ia 1839.71   20.592 115 18.752 017 17.576 012 17.536 012 19.210 029 18.037 012
SN 2008ia 1840.70   20.448 152 18.956 048 17.660 010 17.610 017 19.313 035 18.098 014
SN 2008ia 1841.70   20.651 202 18.998 036 17.721 014 17.740 017 19.394 043 18.208 017
SN 2008ia 1845.86   20.675 235 19.436 080 17.991 016 18.194 058 19.849 069 18.475 020
SN 2008ia 1855.82   21.127 117 19.449 026 18.471 018 18.632 029 19.962 043 18.848 028
SN 2008ia 1856.72   21.334 153 19.515 021 18.462 017 18.500 042 19.924 047 18.875 022
SN 2009F  1840.64   18.525 045 17.081 008 16.786 007 16.812 007 17.424 010 16.835 008
SN 2009F  1841.64   18.476 042 17.007 007 16.663 007 16.698 008 17.393 012 16.742 008
SN 2009F  1842.66   18.635 036 16.971 008 16.552 008 16.605 008 17.383 014 16.679 008
SN 2009F  1842.66   18.635 036 16.976 008 16.464 017 16.609 010 17.383 014 16.679 008
SN 2009F  1845.66   19.012 040 17.107 008 16.439 006 16.481 006 17.620 010 16.663 007
SN 2009F  1848.66   19.664 037 17.590 017 16.562 008 16.560 008 18.143 012 16.898 008
SN 2009F  1855.68   20.719 085 18.572 012 17.248 008 17.003 008 19.192 025 17.743 010
SN 2009F  1856.65   20.621 070 18.722 033 17.306 008 17.131 012 19.292 021 17.826 012
SN 2009F  1859.66   21.133 201 18.848 014 17.618 008 17.463 010 19.511 033 18.079 014
SN 2009F  1867.63              19.300 029 18.169 012 18.007 014 19.739 065 18.560 022
SN 2009F  1870.61   21.472 452                                  19.978 088 18.706 025
SN 2009F  1871.63              19.394 063 18.448 022 18.273 021 19.928 099 18.656 028
SN 2009F  1872.64                                                          18.830 037
SN 2009F  1873.58   21.389 287 19.466 033 18.524 014 18.393 017 19.978 053 18.837 022
SN 2009F  1879.63   21.536 214 19.666 026 18.910 018 18.663 021 20.159 042 19.042 025
SN 2009F  1884.61   21.800 205 19.733 024 19.149 021 18.898 025 20.381 057 19.204 022
SN 2009dc 1942.80   15.508 010 15.315 006 15.380 005 15.809 007 15.432 006 15.351 006
SN 2009dc 1945.76 a 15.515 010 15.209 006 15.276 005 15.718 006 15.357 007 15.287 006
SN 2009dc 1945.76              15.230 007 15.283 007
SN 2009dc 1946.77   15.531 010 15.226 006 15.296 007 15.738 008 15.353 007 15.282 006
SN 2009dc 1947.75   15.578 010 15.232 006 15.285 006 15.729 006 15.349 007 15.279 006
SN 2009dc 1948.74 a 15.631 012 15.247 007 15.295 006 15.727 007 15.356 007 15.287 007
SN 2009dc 1949.73 a 15.689 010 15.236 006 15.295 006 15.730 007 15.385 007 15.329 006
SN 2009dc 1951.72 a 15.833 010 15.304 007 15.312 006 15.751 006 15.441 007 15.340 005
SN 2009dc 1956.76   16.281 012 15.498 006 15.402 005 15.792 006 15.712 007 15.445 006
SN 2009dc 1959.72   16.638 021 15.654 007 15.464 006 15.855 007 15.903 010 15.527 007
SN 2009dc 1963.74   17.096 021 15.894 008 15.575 007 15.902 007 16.218 029 15.677 010
SN 2009dc 1964.72   17.201 021 15.954 008 15.589 007            16.323 010 15.722 008
SN 2009dc 1966.72   17.427 018 16.095 006 15.641 006 15.913 007 16.481 008 15.815 006
SN 2009dc 1968.71   17.635 017 16.227 008 15.683 007 15.903 008 16.645 010 15.898 008
SN 2009dc 1976.67   18.330 017 16.766 006 15.900 005 15.961 006 17.281 008 16.253 006
