2004dt 2453249.77 16.630 .013 15.593 .004 15.660 .004 16.069 .006 15.769 .006 15.576 .006
2004dt 2453250.79 16.782 .012 15.661 .008 15.701 .007 16.110 .009 15.848 .008 15.629 .009
2004dt 2453251.81 16.886 .011 15.768 .008 15.753 .009 16.110 .009 15.949 .009 15.672 .009
2004dt 2453252.85 17.030 .011 15.835 .005 15.786 .004 16.049 .007 16.047 .006 15.719 .005
2004dt 2453253.77 17.150 .011 15.910 .004 15.778 .004             16.151 .013 15.774 .005
2004dt 2453256.72 17.627 .009 16.237 .005 15.803 .005 16.021 .007 16.568 .006 15.960 .010
2004dt 2453257.71 17.767 .013 16.355 .008 15.837 .010 16.032 .011 16.705 .008 16.016 .009
2004dt 2453258.74 17.913 .011 16.487 .005 15.858 .005 16.008 .007 16.854 .007 16.080 .008
2004dt 2453259.76 18.062 .011 16.622 .004 15.901 .004 15.993 .005 16.998 .006 16.159 .005
2004dt 2453260.78 18.216 .011 16.732 .008 15.931 .009 15.992 .009 17.132 .008 16.239 .008
2004dt 2453261.70 18.350 .013 16.847 .008 15.953 .009 15.982 .009 17.226 .013 16.315 .011
2004dt 2453262.69 18.446 .014 16.966 .011 16.045 .009 16.018 .009 17.383 .009 16.402 .010
2004dt 2453263.75 18.602 .016 17.077 .012 16.104 .011 16.082 .014 17.513 .014 16.524 .013
2004dt 2453264.72 18.707 .019 17.206 .010 16.154 .011 16.124 .014 17.607 .015 16.590 .013
2004dt 2453265.77 18.802 .015 17.315 .008 16.243 .007 16.158 .008 17.707 .014 16.664 .009
2004dt 2453266.71 18.847 .015 17.378 .005 16.307 .004 16.231 .005 17.797 .009 16.742 .007
2004dt 2453267.72 18.945 .022 17.452 .008 16.385 .006 16.289 .009 17.859 .012 16.805 .008
2004dt 2453268.72 19.016 .018 17.497 .009 16.397 .008 16.338 .010 17.901 .009 16.851 .007
2004dt 2453269.68                                                 17.955 .017 16.928 .007
2004dt 2453270.68                                                 17.997 .011 16.955 .006
2004dt 2453271.77 19.130 .023 17.642 .008 16.546 .007 16.532 .009 18.035 .011 16.997 .007
2004dt 2453272.75 19.120 .026 17.682 .009 16.592 .009 16.565 .008 18.071 .012 17.030 .008
2004dt 2453273.78 19.105 .032 17.693 .008 16.633 .008 16.623 .009 18.110 .012 17.062 .009
2004dt 2453274.70 19.169 .039 17.746 .009 16.675 .007 16.672 .008 18.124 .016 17.074 .009
2004dt 2453275.72 19.297 .061 17.766 .011 16.729 .008 16.742 .008 18.144 .022 17.119 .009
2004dt 2453276.73 19.114 .058 17.780 .017 16.760 .007 16.785 .010 18.163 .026 17.139 .009
2004dt 2453277.66 19.320 .095 17.823 .017 16.768 .013 16.796 .018 18.174 .031 17.157 .016
2004dt 2453279.68 19.272 .044 17.818 .012 16.837 .010 16.879 .011 18.204 .019 17.216 .011
2004dt 2453280.69 19.321 .031 17.841 .010 16.869 .009 16.932 .014 18.206 .016 17.252 .012
2004dt 2453281.71 19.302 .028 17.862 .009 16.917 .009 16.981 .009 18.264 .016 17.273 .011
2004dt 2453282.68 19.390 .026 17.876 .009 16.941 .009 17.033 .013                    
2004dt 2453284.81             17.877 .008 17.043 .005 17.085 .008 18.304 .013 17.321 .043
2004dt 2453287.67 19.433 .021 17.962 .007 17.088 .007 17.210 .009 18.321 .009 17.412 .008
2004dt 2453289.74 19.446 .019 17.943 .010 17.171 .009 17.292 .010 18.349 .010 17.452 .009
2004dt 2453291.67 19.479 .021 17.991 .008 17.224 .007 17.364 .009 18.361 .010 17.505 .008
2004dt 2453293.70 19.520 .032 18.031 .005 17.286 .005 17.427 .006 18.347 .026 17.527 .009
2004dt 2453294.77 19.584 .026 18.046 .006 17.329 .005 17.474 .006 18.427 .010 17.564 .007
2004dt 2453295.73 19.517 .027 18.038 .009 17.325 .009 17.499 .011 18.430 .010 17.579 .011
2004dt 2453299.66 19.640 .027 18.101 .008 17.435 .012 17.632 .016 18.471 .012 17.679 .011
2004dt 2453305.74 19.761 .081                                                        
2004dt 2453323.71 20.004 .160 18.434 .008 18.216 .009 18.455 .017                    
2004dt 2453324.66 20.078 .039 18.432 .007 18.245 .010 18.410 .011 18.773 .010 18.202 .009
2004dt 2453329.67 20.172 .053 18.504 .010 18.336 .010 18.561 .013 18.845 .015 18.299 .014
2004dt 2453331.60 20.194 .078 18.529 .010 18.460 .012 18.597 .017 18.870 .020 18.330 .015
2004dt 2453341.57 20.406 .043 18.684 .009 18.838 .012 18.877 .016 19.023 .013 18.560 .012
2004dt 2453345.60 20.531 .049 18.665 .015 18.865 .016 18.983 .022 19.115 .014 18.641 .011
2004dt 2453349.58 20.680 .059 18.794 .012 18.992 .017 19.069 .017 19.141 .012 18.724 .013
2004dt 2453365.60             19.062 .023 19.476 .027 19.496 .032 19.434 .035 19.070 .023
2004ef 2453255.66             17.868 .005 17.803 .005 18.016 .009 17.981 .006 17.885 .006
2004ef 2453256.63 18.429 .014 17.652 .005 17.586 .007 17.762 .009 17.754 .007 17.661 .010
2004ef 2453257.64 18.210 .011 17.458 .005 17.400 .005 17.585 .006 17.558 .007 17.482 .007
2004ef 2453258.61 18.069 .013 17.310 .004 17.249 .005 17.441 .008 17.419 .009 17.341 .005
2004ef 2453259.61 17.980 .013 17.183 .004 17.122 .005 17.360 .007 17.279 .005 17.212 .005
2004ef 2453260.62 17.897 .008 17.083 .004 17.021 .004 17.330 .007 17.189 .004 17.114 .004
2004ef 2453261.58 17.847 .012 17.010 .005 16.956 .007 17.315 .009 17.117 .006 17.035 .006
2004ef 2453262.56 17.875 .022 16.973 .004 16.901 .004 17.330 .009 17.086 .005 16.994 .004
2004ef 2453263.58 17.868 .013 16.937 .007 16.864 .009 17.346 .011 17.064 .007 16.954 .007
2004ef 2453264.59 17.903 .012 16.927 .005 16.826 .007 17.376 .009 17.058 .005 16.925 .007
2004ef 2453265.64 17.976 .012 16.937 .004 16.807 .005 17.368 .008 17.090 .005 16.912 .006
2004ef 2453266.61 18.045 .013 16.960 .004 16.805 .004 17.373 .007 17.111 .004 16.919 .004
2004ef 2453267.60 18.172 .016 17.005 .006 16.826 .007 17.372 .011 17.154 .006 16.933 .007
2004ef 2453268.62 18.286 .013 17.039 .006 16.840 .008 17.428 .011 17.222 .005 16.957 .004
2004ef 2453269.59                                                 17.322 .009        
2004ef 2453270.58                                                 17.384 .004 17.017 .004
2004ef 2453271.58 18.698 .027 17.238 .006 17.027 .005 17.689 .010 17.480 .007 17.066 .006
2004ef 2453272.63 18.698 .029 17.330 .007 17.108 .006 17.838 .012 17.587 .008 17.127 .007
2004ef 2453273.67 18.896 .040 17.425 .008 17.183 .008 17.909 .013 17.713 .010 17.192 .008
2004ef 2453274.62 19.091 .050 17.506 .010 17.241 .009 17.976 .016 17.822 .013 17.274 .008
2004ef 2453275.66 19.119 .081 17.631 .014 17.327 .011 18.017 .019 17.933 .016 17.329 .012
2004ef 2453276.61 19.351 .104 17.724 .016 17.357 .011 18.043 .020 18.099 .017 17.411 .014
2004ef 2453277.58 19.446 .092 17.830 .015 17.367 .017 18.035 .027 18.194 .018 17.475 .012
2004ef 2453278.59 19.624 .063 17.952 .013 17.426 .010 18.001 .016 18.324 .016 17.556 .011
2004ef 2453279.60 19.718 .057 18.074 .009 17.450 .009 17.965 .015 18.497 .016 17.617 .009
2004ef 2453280.59 20.007 .052 18.195 .008 17.459 .007 17.939 .012 18.617 .016 17.695 .009
2004ef 2453281.59 20.070 .036 18.311 .007 17.482 .008 17.901 .011 18.750 .011 17.778 .008
2004ef 2453282.57 20.236 .044 18.415 .009 17.499 .008 17.887 .011                    
2004ef 2453287.59 20.714 .066 18.929 .010 17.695 .005 17.801 .008 19.353 .013 18.167 .008
2004ef 2453289.60 20.816 .051 19.124 .007 17.837 .006 17.859 .008 19.564 .014 18.361 .009
2004ef 2453290.59 20.951 .088 19.230 .010 17.947 .006 17.946 .008 19.633 .022 18.437 .010
2004ef 2453291.57 20.941 .060 19.286 .011 18.029 .007 18.053 .010 19.710 .018 18.530 .010
2004ef 2453292.58 20.981 .087 19.341 .012 18.108 .006 18.133 .010 19.812 .020 18.621 .011
2004ef 2453294.58 21.139 .084 19.494 .010 18.262 .009 18.325 .011 19.904 .019 18.757 .010
2004ef 2453295.60 21.122 .065 19.549 .011 18.325 .008 18.403 .011 19.941 .018 18.842 .010
2004ef 2453298.56 21.355 .104 19.673 .013                                            
2004ef 2453300.57 21.200 .185 19.789 .022 18.540 .010 18.703 .013 20.123 .036 19.029 .016
2004ef 2453301.56             19.795 .029 18.593 .012 18.747 .016 20.119 .071 19.095 .025
2004ef 2453302.58 21.465 .423 19.784 .034 18.604 .013 18.845 .015 20.231 .080 19.082 .027
2004ef 2453303.57             19.812 .045 18.635 .017 18.839 .022 20.096 .097 19.175 .035
2004ef 2453305.59             19.794 .046 18.737 .019 18.911 .023             19.167 .027
2004ef 2453307.62             19.962 .067 18.823 .019 19.092 .035                    
2004ef 2453308.58 21.392 .366 19.922 .039 18.838 .016 19.110 .025             19.262 .028
2004ef 2453309.57             19.933 .018 18.866 .012 19.194 .020             19.238 .026
2004ef 2453310.57 21.576 .142 19.942 .013 18.883 .010 19.185 .020 20.328 .044 19.322 .017
2004ef 2453311.58 21.543 .171 19.954 .015 18.921 .010 19.214 .017             19.349 .014
2004ef 2453312.55 21.623 .170 19.982 .014 18.968 .012 19.212 .028                    
2004ef 2453321.56 21.819 .166 20.125 .017 19.271 .011 19.603 .025 20.451 .031 19.603 .020
2004ef 2453329.55             20.287 .047 19.535 .022 19.869 .037 20.622 .090 19.744 .036
2004eo 2453266.50 18.515 .017 17.405 .016 17.198 .016 17.364 .016 17.574 .017 17.298 .016
2004eo 2453267.49 17.889 .019 16.990 .016 16.826 .016 16.979 .016 17.117 .017 16.917 .016
2004eo 2453268.49 17.381 .017 16.630 .016 16.517 .016 16.651 .016 16.736 .017 16.613 .016
2004eo 2453269.54                                                 16.456 .017 16.331 .017
2004eo 2453270.54                                                 16.203 .012 16.115 .016
2004eo 2453271.52 16.499 .019 15.904 .016 15.844 .016 16.015 .017 16.018 .017 15.940 .016
2004eo 2453272.52 16.339 .019 15.758 .017 15.707 .016 15.895 .016 15.857 .017 15.784 .016
2004eo 2453273.51 16.207 .019 15.637 .017 15.592 .016 15.796 .016 15.742 .017 15.670 .017
2004eo 2453274.49 16.126 .020 15.551 .016 15.509 .016 15.751 .017 15.657 .017 15.578 .016
2004eo 2453275.49 16.117 .025 15.498 .018 15.448 .017 15.720 .017 15.583 .017 15.505 .017
2004eo 2453276.56 16.086 .021             15.391 .016 15.719 .016 15.538 .019 15.452 .017
2004eo 2453277.48 16.077 .019 15.392 .016 15.372 .016 15.752 .016 15.501 .017 15.404 .016
2004eo 2453278.49 16.093 .017 15.352 .017 15.344 .016 15.788 .016 15.489 .017 15.375 .016
2004eo 2453279.50 16.124 .017 15.341 .016 15.323 .016 15.818 .016 15.491 .017 15.366 .016
2004eo 2453280.49 16.212 .017 15.385 .016 15.316 .016 15.841 .017 15.517 .017 15.362 .016
2004eo 2453281.49 16.307 .017 15.406 .016 15.319 .016 15.854 .017 15.557 .017 15.367 .016
2004eo 2453282.49 16.418 .017 15.406 .016 15.321 .016 15.879 .016                    
2004eo 2453285.55                                                             15.471 .019
2004eo 2453287.55 17.102 .017 15.773 .016 15.552 .016 16.122 .016 16.075 .017 15.566 .017
2004eo 2453288.54 17.281 .017 15.855 .016 15.613 .016 16.179 .017 16.190 .017 15.632 .017
2004eo 2453289.56 17.438 .017 15.969 .016 15.684 .016 16.216 .017 16.314 .017 15.695 .016
2004eo 2453290.55 17.615 .018 16.065 .016 15.735 .016 16.244 .016 16.447 .017 15.773 .016
2004eo 2453291.53 17.767 .017 16.178 .016 15.783 .016 16.245 .017 16.583 .017 15.853 .016
2004eo 2453292.54 17.960 .017 16.291 .016 15.823 .016 16.233 .016 16.716 .017 15.931 .016
2004eo 2453294.49 18.285 .018 16.532 .016 15.891 .017 16.200 .017 16.983 .017 16.073 .017
2004eo 2453295.48 18.395 .018 16.638 .017 15.923 .016 16.195 .016 17.104 .017 16.155 .016
2004eo 2453298.51 18.772 .022 16.955 .016 16.017 .016 16.182 .016 17.456 .017 16.356 .016
2004eo 2453300.49 18.998 .055 17.142 .017 16.096 .017 16.196 .017 17.642 .017 16.492 .016
2004eo 2453301.49 19.016 .038 17.233 .017 16.141 .016 16.218 .017 17.710 .017 16.554 .017
2004eo 2453302.49 19.074 .045 17.343 .017 16.187 .016 16.238 .017 17.802 .017 16.616 .016
2004eo 2453303.50 19.134 .042 17.401 .017 16.253 .016 16.248 .016 17.919 .017 16.683 .016
2004eo 2453304.50             17.490 .017 16.307 .017 16.248 .017 17.952 .036 16.835 .034
2004eo 2453305.49 19.344 .047 17.573 .017 16.375 .016 16.327 .016 18.000 .028 16.829 .017
2004eo 2453307.53 19.397 .075 17.668 .017 16.533 .016 16.448 .017 18.166 .033 16.985 .017
2004eo 2453308.50 19.460 .028 17.773 .016 16.613 .016 16.533 .017 18.215 .017 17.059 .016
2004eo 2453309.49 19.531 .028 17.828 .017 16.689 .016 16.624 .017 18.281 .017 17.125 .016
2004eo 2453310.50 19.600 .031 17.874 .016 16.758 .016 16.703 .017 18.332 .017 17.196 .016
2004eo 2453311.50 19.632 .028 17.917 .017 16.827 .016 16.777 .017 18.372 .017 17.250 .016
2004eo 2453312.50 19.660 .028 17.979 .016 16.886 .016 16.852 .017                     
2004eo 2453321.53 20.056 .084 18.248 .016 17.273 .016 17.299 .016                     
2004eo 2453329.52             18.333 .019 17.529 .016 17.612 .016 18.879 .035 17.856 .016
2004eo 2453341.52             18.601 .027 17.916 .016 18.049 .027 19.001 .038 18.104 .025
2004ey 2453295.52 16.518 .009 15.922 .006 15.953 .006 16.185 .006 15.974 .006 16.005 .007
2004ey 2453298.67             15.474 .006 15.506 .006 15.784 .006 15.532 .005 15.539 .007
2004ey 2453299.51 15.834 .009 15.381 .006 15.460 .009 15.746 .008 15.435 .006 15.459 .008
2004ey 2453300.54 15.770 .010 15.306 .006 15.370 .009 15.702 .009 15.362 .004 15.379 .007
2004ey 2453301.53 15.731 .011 15.251 .005 15.303 .006 15.706 .006 15.308 .005 15.317 .006
2004ey 2453302.54 15.707 .011 15.207 .005 15.260 .006 15.724 .006 15.268 .005 15.262 .007
2004ey 2453303.54 15.702 .010 15.180 .006 15.239 .008 15.753 .009 15.242 .006 15.235 .008
2004ey 2453304.55 15.730 .011 15.176 .005 15.196 .008 15.760 .012 15.242 .006 15.217 .007
2004ey 2453305.54 15.778 .011 15.179 .006 15.193 .007 15.796 .010 15.256 .006 15.211 .008
2004ey 2453307.57 15.949 .011 15.230 .005 15.207 .005 15.872 .006 15.323 .006 15.240 .006
2004ey 2453308.54 16.016 .010 15.254 .005 15.228 .006 15.889 .007 15.355 .004 15.253 .006
2004ey 2453309.54 16.100 .009 15.281 .006 15.251 .008 15.933 .007 15.410 .006 15.282 .007
2004ey 2453310.54 16.189 .009 15.324 .006 15.298 .006 15.978 .007 15.449 .004 15.306 .006
2004ey 2453311.54 16.281 .009 15.372 .006 15.346 .006 16.042 .007 15.509 .005 15.340 .006
2004ey 2453312.53 16.382 .010 15.428 .006 15.418 .009 16.105 .010                     
2004ey 2453314.55 16.601 .009 15.547 .004 15.549 .006 16.301 .007 15.729 .004 15.486 .005
2004ey 2453315.55 16.710 .010 15.614 .006 15.625 .006 16.386 .008 15.818 .006 15.546 .008
2004ey 2453320.53 17.391 .011 16.038 .004 15.911 .006 16.581 .008                     
2004ey 2453328.53 18.380 .022 16.763 .007 16.035 .006 16.406 .010 17.202 .009 16.277 .009
2004ey 2453330.57 18.639 .040 16.969 .009 16.095 .006 16.357 .007 17.412 .013 16.415 .010
2004ey 2453331.52 18.705 .031 17.056 .009 16.120 .006 16.331 .007 17.494 .011 16.477 .009
2004ey 2453335.52                         16.295 .005 16.357 .006 17.788 .010 16.723 .010
2004ey 2453337.52 19.163 .032 17.506 .016 16.408 .007 16.432 .008 17.916 .014 16.821 .010
2004ey 2453338.54                         16.464 .008 16.476 .008 17.995 .010 16.888 .007
2004ey 2453339.54                         16.533 .007 16.576 .008 18.058 .011 16.965 .009
2004ey 2453340.54 19.221 .024 17.702 .009 16.605 .008 16.655 .009 18.086 .011 17.010 .010
2004ey 2453342.52                         16.729 .007 16.810 .009 18.222 .020 17.095 .027
2004ey 2453344.52 19.417 .031 17.840 .014 16.835 .009 16.908 .010 18.255 .012 17.197 .011
2004ey 2453346.53                         16.932 .008 17.034 .010 18.297 .012 17.289 .011
2004ey 2453348.53 19.483 .035 17.962 .012 17.009 .010 17.141 .011 18.374 .014 17.347 .012
2004ey 2453351.53                         17.111 .009 17.272 .015 18.390 .021 17.440 .011
2004ey 2453352.53 19.552 .058 18.071 .013 17.154 .009 17.320 .014 18.454 .022 17.450 .018
2004gc 2453329.81             17.439 .010 17.232 .015 17.775 .036 17.629 .011 17.354 .010
2004gc 2453330.77             17.454 .008 17.196 .009 17.694 .014 17.680 .011 17.362 .011
2004gc 2453331.74             17.509 .009 17.206 .010 17.702 .014 17.729 .011 17.372 .010
2004gc 2453332.74             17.571 .010 17.227 .009 17.731 .016 17.807 .014 17.404 .010
2004gc 2453333.77             17.629 .008 17.257 .009 17.795 .014 17.925 .010 17.410 .009
2004gc 2453336.75             17.856 .011 17.376 .009 17.948 .017 18.196 .016 17.563 .011
2004gc 2453337.76             17.970 .012 17.445 .011 18.029 .016 18.336 .017 17.609 .012
2004gc 2453340.73             18.301 .011 17.587 .011 18.043 .015 18.669 .014 17.818 .010
2004gc 2453341.74             18.391 .010 17.574 .016 18.077 .012 18.830 .016 17.894 .010
2004gc 2453344.73             18.740 .011 17.749 .009 18.047 .014 19.177 .016 18.095 .013
2004gc 2453345.72             18.835 .011 17.766 .014 18.074 .020 19.301 .017 18.198 .011
2004gc 2453348.77             19.132 .014 17.872 .011 18.057 .012 19.632 .020 18.389 .014
2004gc 2453349.77             19.197 .012 17.918 .008 18.102 .021             18.383 .040
2004gc 2453352.70             19.438 .013 18.018 .011 18.049 .013 19.932 .023 18.609 .015
2004gc 2453353.66             19.492 .014 18.077 .010 18.062 .016 20.014 .023 18.692 .016
2004gc 2453356.73             19.734 .016 18.272 .019 18.230 .017 20.198 .023 18.893 .014
2004gc 2453357.69             19.759 .017 18.360 .015                                 
2004gc 2453361.65             19.980 .028 18.613 .015 18.660 .016 20.448 .045 19.235 .018
2004gc 2453369.68             20.235 .064 19.000 .049 19.157 .040 20.738 .098 19.409 .035
2004gc 2453372.68             20.252 .022 19.046 .016 19.245 .023 20.699 .055 19.576 .020
2004gc 2453373.68             20.296 .030 19.051 .015 19.373 .037 20.842 .073 19.557 .029
2004gc 2453376.69             20.351 .022 19.103 .017             20.825 .051 19.663 .024
2004gc 2453380.70             20.494 .050 19.208 .025 19.649 .062 20.935 .162 19.826 .057
2004gc 2453381.68             20.476 .025 19.342 .021 19.678 .038 20.959 .052 19.710 .031
2004gc 2453385.68             20.545 .027 19.296 .032 19.806 .038 20.910 .049 19.893 .026
2004gc 2453387.69                         19.443 .021 19.898 .053 20.946 .084 19.899 .031
2004gc 2453390.59                         19.432 .030             20.967 .120 19.955 .048
2004gc 2453394.65                                     20.087 .071 21.075 .193 20.001 .069
2004gc 2453397.63             20.703 .050 19.750 .032 20.172 .055 21.106 .139 20.061 .051
2004gs 2453352.83 18.183 .043 17.291 .010 17.204 .009 17.397 .020 17.416 .008 17.258 .093
2004gs 2453353.80 18.086 .014 17.201 .006 17.120 .007 17.378 .009 17.346 .007 17.241 .008
2004gs 2453356.82 18.135 .016 17.112 .007 17.010 .007 17.402 .010 17.268 .007 17.099 .009
2004gs 2453357.76 18.233 .014 17.128 .007 17.002 .007 17.414 .010 17.305 .008 17.077 .009
2004gs 2453361.75 18.731 .019 17.347 .009 17.059 .008 17.567 .013 17.589 .009 17.155 .010
2004gs 2453362.78 18.870 .025 17.431 .009 17.120 .009 17.651 .014 17.708 .009 17.200 .009
2004gs 2453363.78 18.986 .030 17.526 .009 17.183 .010 17.731 .015 17.833 .012 17.265 .011
2004gs 2453365.74 19.217 .075 17.722 .016 17.289 .012 17.836 .017 18.096 .021 17.395 .015
2004gs 2453369.77             18.119 .108                                             
2004gs 2453372.74 20.218 .091 18.614 .017 17.614 .009 17.868 .013 19.068 .026 18.004 .013
2004gs 2453373.78 20.633 .136 18.784 .018 17.660 .009 17.865 .014 19.201 .029 18.071 .014
2004gs 2453376.79 20.806 .083 19.089 .017 17.823 .010 17.876 .014 19.517 .018 18.334 .014
2004gs 2453377.72 20.801 .176 19.180 .019 17.848 .011 17.882 .014 19.564 .020 18.393 .015
2004gs 2453380.75 20.855 .168 19.396 .030 18.177 .023 18.110 .036 19.822 .031 18.677 .036
2004gs 2453381.74             19.493 .024             18.100 .130 19.915 .031 18.714 .027
2004gs 2453383.75 21.081 .139 19.601 .027 18.431 .021 18.386 .048 20.039 .031 18.890 .022
2004gs 2453384.71 21.133 .113 19.721 .081 18.523 .025 18.501 .022             18.978 .037
2004gs 2453385.75 21.221 .087 19.815 .026 18.553 .013 18.578 .018 20.130 .022 19.026 .019
2004gs 2453386.72 21.142 .078 19.774 .023 18.620 .014 18.662 .019 20.153 .025 19.074 .021
2004gs 2453387.74 21.373 .154 19.890 .034 18.668 .017 18.750 .032 20.223 .032 19.092 .026
2004gs 2453388.72 21.208 .138 19.847 .030 18.691 .017 18.728 .027 20.294 .040 19.222 .029
2004gs 2453389.69 21.515 .258 19.912 .036 18.736 .019 18.810 .031 20.305 .053 19.246 .031
2004gs 2453390.68             19.943 .073 18.770 .026 18.930 .036 20.278 .049 19.250 .027
2004gs 2453391.64             19.952 .081 18.868 .030 18.975 .036 20.249 .072 19.265 .041
2004gs 2453392.68             20.074 .104 18.863 .033 18.982 .051 20.163 .097 19.260 .095
2004gs 2453393.72                         18.834 .062             20.286 .216 19.341 .131
2004gs 2453394.73                         18.969 .056             20.354 .161 19.437 .080
2004gs 2453398.67             20.059 .072 19.097 .027 19.243 .036 20.348 .107 19.471 .045
2004gs 2453400.63             20.176 .039 19.153 .015 19.383 .030 20.498 .059 19.550 .032
2004gs 2453403.65             20.228 .020 19.264 .011 19.471 .018 20.571 .031 19.644 .017
2004gs 2453406.66             20.308 .019 19.380 .013 19.591 .020 20.622 .025 19.703 .016
2004gs 2453407.68             20.319 .019 19.361 .014 19.632 .021 20.658 .050 19.728 .023
2004gs 2453408.67             20.340 .019 19.433 .014 19.674 .024 20.699 .030 19.785 .016
2004gs 2453409.66             20.336 .024 19.462 .012 19.687 .022 20.671 .029 19.804 .021
2004gs 2453410.68             20.360 .017 19.524 .013 19.734 .026 20.722 .031 19.856 .019
2004gs 2453411.66             20.349 .020 19.563 .017 19.779 .033 20.780 .047 19.827 .022
2004gs 2453412.66             20.360 .022 19.594 .020 19.876 .032 20.669 .052 19.846 .024
2004gs 2453415.66             20.417 .017 19.684 .014 19.894 .022 20.787 .027 19.970 .017
2004gs 2453416.68             20.438 .021 19.726 .017 19.996 .034 20.844 .029 20.001 .018
2004gs 2453417.64             20.445 .018 19.756 .016 19.981 .026 20.817 .038 20.053 .027
2004gs 2453418.64             20.439 .025 19.810 .019 20.021 .035 20.800 .047 20.026 .027
2004gs 2453419.71             20.504 .021 19.854 .019 20.008 .045 20.811 .049 20.013 .029
2004gs 2453420.64                         19.802 .096 20.105 .047             20.142 .055
2004gs 2453421.68                                                 20.727 .202 20.080 .115
2004gs 2453424.63                                     20.228 .121             20.347 .173
2004gs 2453425.62                         19.964 .065 20.252 .116             20.306 .130
2004gs 2453426.62                         20.102 .060 20.286 .066 20.867 .153 20.321 .082
2004gs 2453427.61             20.572 .066 20.104 .045 20.419 .079 21.136 .201 20.123 .064
2004gs 2453428.56                                                             20.186 .180
2004gs 2453429.58             20.673 .071 20.186 .072             20.959 .067 20.326 .038
2004gs 2453432.68             20.699 .039 20.302 .036 20.457 .073 21.161 .081 20.333 .044
2004gs 2453444.57             20.872 .025 20.675 .032 20.971 .063 21.316 .045 20.585 .030
2004gs 2453445.57             20.927 .032 20.755 .033 20.884 .060 21.267 .043 20.686 .033
2004gs 2453446.57             20.959 .045 20.812 .045 21.051 .086 21.258 .063 20.688 .051
2004gs 2453455.56                         21.067 .143 21.125 .151 21.523 .317 20.834 .158
2004gs 2453461.53             21.157 .038 21.356 .063 21.376 .093             21.017 .057
2004gu 2453357.85             17.503 .009 17.533 .009 17.917 .016             17.453 .020
2004gu 2453361.83 18.096 .019 17.414 .016 17.379 .009 17.933 .015 17.567 .024 17.384 .015
2004gu 2453362.85 18.137 .027 17.417 .009 17.355 .011 17.913 .033                     
2004gu 2453363.85 18.202 .093             17.340 .011 17.968 .016 17.590 .022 17.383 .010
2004gu 2453365.83 18.377 .040 17.419 .010 17.350 .010 18.021 .022 17.634 .024 17.412 .013
2004gu 2453369.84             17.583 .013 17.459 .011 18.104 .019 17.746 .032 17.508 .014
2004gu 2453372.84 18.896 .036 17.709 .010 17.619 .011 18.346 .022 17.965 .025         
2004gu 2453373.84 18.948 .070 17.791 .010 17.680 .011 18.395 .024 18.034 .025 17.692 .011
2004gu 2453376.84             18.061 .011 17.849 .011 18.641 .017 18.285 .040 17.871 .010
2004gu 2453377.84 19.495 .035 18.160 .015 17.915 .012 18.658 .021                     
2004gu 2453380.84             18.433 .019 18.007 .010 18.699 .020 18.708 .051 18.061 .012
2004gu 2453381.83 20.116 .057 18.510 .019 18.044 .012 18.728 .018 18.816 .031 18.126 .017
2004gu 2453384.81 20.322 .069 18.817 .025 18.101 .011 18.681 .022 19.105 .027 18.284 .010
2004gu 2453385.84                         18.101 .012 18.645 .022 19.154 .031 18.326 .012
2004gu 2453386.80 20.593 .056 18.997 .025 18.148 .011 18.650 .018 19.343 .027 18.389 .012
2004gu 2453387.79 20.481 .076 19.108 .028 18.142 .010 18.598 .017 19.388 .028 18.456 .013
2004gu 2453388.81             19.155 .027                         19.518 .031 18.481 .013
2004gu 2453390.83 20.898 .098 19.314 .031 18.190 .014 18.503 .019             18.585 .016
2004gu 2453391.81                                                 19.755 .033 18.671 .015
2004gu 2453393.81 21.258 .117 19.497 .026 18.306 .012 18.447 .018 19.803 .045 18.762 .018
2004gu 2453394.80 21.016 .183 19.643 .049 18.329 .015 18.490 .020 19.962 .049 18.774 .020
2004gu 2453395.81                         18.373 .017                                 
2004gu 2453399.82             19.693 .032 18.589 .018 18.614 .033 20.224 .079 19.074 .025
2004gu 2453401.81                         18.691 .018 18.772 .028 20.255 .086 19.202 .035
2004gu 2453402.85             20.002 .025 18.726 .016             20.419 .043 19.234 .018
2004gu 2453403.80             20.045 .027 18.815 .012 18.906 .021 20.527 .051 19.332 .018
2004gu 2453404.82             19.954 .020 18.893 .022 19.097 .039 20.416 .040 19.388 .018
2004gu 2453406.82             20.191 .035 18.946 .020 19.174 .035 20.595 .038 19.451 .016
2004gu 2453408.80             20.185 .029 18.999 .017 19.168 .021 20.549 .038 19.507 .016
2004gu 2453409.85             20.159 .024 19.026 .024 19.334 .037                     
2004gu 2453410.82             20.349 .039 19.087 .013 19.247 .022 20.712 .038 19.505 .020
2005A  2453376.63 20.120 .093 17.987 .011 16.974 .009 17.171 .010 18.430 .013 17.459 .010
2005A  2453377.60 20.064 .068 17.945 .010 16.922 .008 17.197 .010 18.379 .013 17.380 .010
2005A  2453380.58 20.098 .085 17.893 .013 16.827 .010 17.193 .013 18.336 .016 17.334 .011
2005A  2453381.57 20.137 .060 17.898 .010 16.833 .009 17.226 .011 18.360 .014 17.301 .011
2005A  2453383.62 20.294 .074 17.901 .010 16.868 .009 17.251 .013 18.448 .015 17.309 .009
2005A  2453384.58             17.906 .022                                             
2005A  2453385.57 20.475 .081 17.965 .011 16.916 .007 17.320 .010 18.519 .015 17.351 .009
2005A  2453386.58 20.703 .099 18.014 .011 16.978 .013 17.360 .013 18.578 .015 17.422 .012
2005A  2453387.61 20.435 .131 18.074 .013 17.057 .009 17.458 .013 18.637 .024 17.469 .013
2005A  2453389.53 21.115 .174             17.190 .013 17.611 .017 18.851 .025 17.569 .015
2005A  2453390.53 21.138 .248 18.351 .031 17.269 .010 17.652 .012 18.939 .030 17.616 .017
2005A  2453391.60             18.351 .020 17.300 .010 17.683 .015 19.016 .037 17.710 .018
2005A  2453394.55             18.669 .024                         19.433 .052         
2005A  2453396.53             18.799 .029 17.423 .011 17.574 .012 19.689 .050 18.004 .016
2005A  2453397.53             18.846 .023 17.428 .009 17.547 .010 19.809 .051 18.075 .016
2005A  2453398.57             19.007 .020 17.423 .012 17.537 .011 19.766 .046 18.099 .019
2005A  2453399.57             19.044 .020 17.435 .009 17.495 .011 19.909 .032 18.156 .014
2005A  2453400.58             19.226 .034 17.431 .010 17.470 .011 19.916 .032 18.209 .017
2005A  2453404.60             19.484 .025 17.567 .009 17.377 .010 20.304 .028 18.388 .016
2005A  2453406.59             19.660 .030 17.698 .010 17.398 .011 20.360 .051 18.569 .020
2005A  2453407.55             19.799 .036 17.774 .016 17.454 .011             18.639 .020
2005A  2453408.56             19.908 .030 17.851 .012 17.523 .012 20.640 .046 18.735 .020
2005A  2453409.56             19.937 .030 17.956 .010 17.607 .014 20.707 .056 18.813 .022
2005A  2453410.54             20.008 .031 18.023 .015 17.719 .015 20.737 .038 18.870 .018
2005A  2453411.57                         18.079 .013 17.745 .014             18.925 .033
2005A  2453412.56             20.109 .036 18.172 .013 17.872 .014             19.002 .026
2005A  2453413.56             20.118 .052 18.244 .025 17.875 .022                     
2005A  2453414.56             20.128 .036 18.265 .015 17.989 .015             19.096 .026
2005A  2453415.56             20.243 .062 18.271 .015 18.054 .015             19.036 .023
2005A  2453416.56             20.236 .068 18.360 .015 18.099 .018             19.212 .030
2005A  2453418.54             20.332 .049 18.440 .012 18.188 .020             19.295 .059
2005A  2453420.55             20.307 .080 18.490 .018 18.224 .019             19.424 .070
2005A  2453421.53             20.378 .093 18.588 .056 18.388 .046                     
2005A  2453425.55                         18.668 .028 18.519 .030                     
2005A  2453427.55                         18.836 .045 18.603 .035                     
2005A  2453429.53             20.490 .036 18.807 .017 18.640 .023             19.628 .029
2005A  2453432.50             20.554 .051 18.884 .016 18.763 .018             19.618 .084
2005M  2453396.78 16.897 .024                                                         
2005M  2453397.70 16.780 .011 16.410 .007 16.501 .011 16.796 .042 16.479 .013 16.496 .011
2005M  2453398.74 16.645 .009 16.279 .005 16.421 .008 16.706 .010 16.362 .009 16.352 .013
2005M  2453399.69 16.554 .009 16.185 .007 16.313 .009 16.616 .009 16.254 .008 16.263 .007
2005M  2453400.69 16.481 .008 16.099 .005 16.254 .004 16.567 .006 16.180 .006 16.181 .006
2005M  2453401.68             16.057 .004 16.178 .004 16.509 .007 16.130 .006 16.131 .006
2005M  2453402.67 16.379 .008 16.001 .005 16.143 .005 16.509 .007 16.088 .008 16.089 .006
2005M  2453403.72 16.358 .008 15.945 .006 16.112 .006 16.516 .005 16.037 .007 16.050 .006
2005M  2453404.71 16.354 .011 15.931 .006 16.075 .006 16.540 .008 16.024 .007 16.028 .007
2005M  2453406.72 16.411 .014 15.906 .008 16.052 .008 16.601 .009 16.013 .009 15.991 .009
2005M  2453407.76 16.436 .014 15.938 .008 16.039 .008 16.622 .010 16.041 .008 16.012 .009
2005M  2453408.72 16.500 .015 15.952 .007 16.032 .008 16.651 .011 16.061 .009 16.020 .009
2005M  2453409.72 16.613 .015 15.975 .008 16.047 .007 16.660 .010 16.094 .008 16.029 .008
2005M  2453410.74 16.680 .017 15.997 .006 16.034 .006 16.682 .010 16.135 .009 16.039 .008
2005M  2453411.72 16.741 .017 16.034 .006 16.060 .008 16.723 .011 16.177 .008 16.060 .008
2005M  2453412.71 16.870 .019 16.081 .006 16.082 .007 16.747 .015 16.242 .008 16.076 .009
2005M  2453413.70 16.967 .020 16.132 .009 16.115 .009 16.777 .012 16.271 .009 16.120 .009
2005M  2453414.67 17.060 .017 16.175 .007 16.146 .007 16.857 .012 16.331 .009 16.151 .009
2005M  2453415.72 17.194 .020 16.213 .008 16.199 .009 16.891 .012 16.409 .009 16.186 .009
2005M  2453416.65 17.294 .021 16.266 .009 16.241 .007 16.971 .012 16.479 .009 16.236 .009
2005M  2453417.70 17.418 .015 16.340 .008 16.300 .008 17.027 .012 16.570 .010 16.273 .009
2005M  2453418.70 17.546 .016 16.406 .008 16.345 .008 17.089 .013 16.651 .009 16.333 .009
2005M  2453419.67 17.671 .019 16.484 .009 16.415 .008 17.151 .011 16.742 .010 16.396 .009
2005M  2453420.74 17.762 .025 16.588 .010 16.464 .009 17.188 .014 16.872 .011 16.444 .010
2005M  2453421.71 17.919 .039 16.677 .015 16.538 .010 17.172 .020 16.994 .015 16.507 .012
2005M  2453422.63 18.014 .082 16.731 .015 16.560 .011 17.222 .029 17.062 .028 16.547 .023
2005M  2453424.67 18.402 .115 16.902 .035 16.567 .029 17.265 .072 17.300 .052 16.626 .034
2005M  2453425.66             16.993 .026 16.620 .017 17.209 .035             16.737 .025
2005M  2453426.67 18.509 .079 17.087 .017 16.647 .012 17.187 .019 17.458 .024 16.807 .016
2005M  2453427.67 18.693 .072 17.158 .015 16.679 .011 17.147 .017 17.513 .022 16.881 .016
2005M  2453428.63 18.786 .059 17.230 .013 16.698 .012 17.163 .016 17.639 .024 16.900 .013
2005M  2453429.64 18.885 .065 17.335 .011 16.722 .009 17.168 .013 17.716 .028 16.928 .015
2005M  2453430.64 19.015 .061 17.404 .014 16.751 .009 17.129 .013 17.800 .021 17.013 .014
2005M  2453431.61 19.141 .119 17.484 .012 16.787 .009 17.121 .015 17.884 .020 17.061 .012
2005M  2453432.64 19.221 .055 17.542 .012 16.800 .010 17.148 .015 17.999 .016 17.121 .013
2005M  2453436.65 19.509 .048 17.852 .010 16.931 .008 17.175 .012 18.276 .014 17.326 .012
2005M  2453438.64 19.551 .049 17.973 .012 16.990 .009 17.167 .012 18.411 .017 17.425 .012
2005M  2453444.66 19.884 .049 18.313 .013 17.330 .009 17.430 .012 18.754 .020 17.762 .013
2005M  2453445.65 19.882 .043 18.382 .012 17.366 .009 17.495 .012 18.772 .019 17.826 .013
2005M  2453446.65             18.425 .015 17.453 .010 17.558 .013 18.825 .022 17.884 .013
2005M  2453453.57 20.298 .202 18.605 .043 17.782 .021 17.985 .029 19.078 .063 18.152 .028
2005M  2453454.59 20.264 .190 18.676 .032 17.780 .017 17.984 .019 19.064 .052 18.175 .027
2005M  2453455.61 20.049 .196 18.660 .035 17.801 .016 18.063 .021 19.102 .055 18.177 .029
2005M  2453456.58 20.183 .156 18.765 .032 17.855 .014 18.070 .020 19.156 .045 18.223 .025
2005M  2453457.58 20.053 .116 18.769 .028 17.879 .012 18.105 .017 19.211 .036 18.300 .022
2005M  2453458.56             18.800 .019 17.919 .012 18.160 .017 19.154 .030 18.273 .020
2005M  2453459.56             18.812 .016 17.953 .012 18.197 .016 19.183 .025 18.321 .016
2005M  2453460.55             18.820 .013 17.990 .012 18.231 .016 19.217 .016 18.331 .015
2005M  2453464.54             18.874 .013 18.102 .011 18.373 .018 19.277 .019 18.434 .015
2005M  2453465.60             18.920 .012 18.122 .011 18.430 .016 19.275 .019 18.461 .014
2005M  2453466.59             18.923 .013 18.157 .011 18.465 .020 19.336 .021 18.480 .017
2005M  2453472.54             19.016 .010 18.320 .009 18.695 .023 19.392 .017 18.610 .014
2005M  2453474.52             19.038 .012 18.384 .010 18.715 .019 19.468 .022 18.633 .016
2005M  2453476.51             19.081 .017 18.438 .016 18.770 .021 19.398 .030 18.693 .021
2005M  2453478.54             19.096 .027 18.511 .017 18.824 .027 19.472 .035 18.690 .027
2005M  2453479.54             19.126 .048 18.550 .035 18.776 .053 19.477 .052 18.766 .045
2005M  2453480.50             19.100 .027 18.530 .021 18.919 .037 19.496 .040 18.808 .030
2005W  2453404.52 15.617 .014 14.920 .006 14.763 .005 14.977 .006 15.020 .006 14.891 .006
2005W  2453406.53                         14.487 .006 14.743 .006 14.741 .006 14.595 .006
2005W  2453407.53             14.692 .021                                             
2005W  2453408.53 15.126 .015 14.433 .009 14.328 .008 14.619 .013 14.539 .006 14.404 .006
2005W  2453409.52 15.079 .019 14.382 .008 14.261 .006 14.633 .006 14.484 .006 14.345 .006
2005W  2453410.52 15.085 .016 14.302 .012 14.213 .011 14.616 .009 14.446 .006 14.299 .007
2005W  2453411.52 15.077 .019 14.315 .007 14.204 .007 14.649 .006 14.419 .006 14.264 .006
2005W  2453412.52 15.104 .019 14.334 .008 14.187 .006 14.720 .008 14.445 .007 14.263 .006
2005W  2453413.52 15.083 .042 14.312 .009 14.169 .009 14.732 .011 14.445 .016 14.227 .011
2005W  2453414.52 15.223 .028 14.317 .008 14.150 .007 14.771 .010 14.461 .011 14.276 .011
2005W  2453415.52 15.325 .040 14.367 .008 14.194 .006 14.788 .011 14.502 .011 14.260 .009
2005W  2453416.51 15.464 .043 14.406 .011 14.194 .006 14.809 .012 14.529 .013 14.263 .011
2005W  2453417.52 15.455 .030 14.457 .011 14.242 .008 14.874 .012 14.627 .014 14.270 .010
2005W  2453418.52                                                 14.688 .021         
2005W  2453419.51 15.731 .044 14.518 .013 14.316 .011 14.956 .012 14.775 .028 14.344 .016
2005W  2453420.50             14.564 .027 14.435 .035 14.963 .045 14.847 .021 14.347 .013
2005W  2453421.51             14.683 .013 14.436 .043             14.977 .019 14.451 .018
2005W  2453422.50 15.951 .087 14.757 .033 14.581 .018 15.167 .041             14.520 .023
2005W  2453425.51 16.384 .118 14.987 .024 14.746 .014 15.326 .017 15.391 .040 14.684 .017
2005W  2453426.50 16.472 .116 15.082 .032 14.740 .019 15.350 .029 15.485 .032 14.781 .016
2005W  2453427.50 16.651 .130 15.145 .026 14.849 .014 15.309 .024 15.666 .034 14.845 .014
2005W  2453429.51             15.352 .016 14.829 .009 15.257 .014 15.824 .034 14.943 .013
2005ag 2453412.81             18.499 .015 18.560 .018 18.956 .032 18.568 .010 18.508 .017
2005ag 2453413.81             18.439 .025 18.476 .018 18.955 .027 18.539 .014 18.480 .016
2005ag 2453414.85             18.486 .009 18.489 .011 18.955 .021 18.580 .009 18.488 .011
2005ag 2453415.85             18.479 .009 18.489 .011 18.974 .019 18.577 .012 18.491 .013
2005ag 2453416.84             18.524 .010 18.476 .011 18.985 .021 18.596 .009 18.510 .011
2005ag 2453417.84             18.542 .009 18.484 .010 19.004 .019 18.638 .011 18.514 .013
2005ag 2453418.85             18.571 .009 18.490 .011 19.023 .021 18.705 .011 18.526 .013
2005ag 2453419.85             18.611 .009 18.537 .012 19.053 .020 18.758 .011 18.568 .013
2005ag 2453420.88             18.670 .011 18.534 .022             18.725 .036 18.600 .033
2005ag 2453421.86             18.729 .011 18.590 .013 19.132 .030 18.865 .015 18.634 .014
2005ag 2453422.81             18.759 .023 18.607 .015 19.210 .036 18.918 .014 18.653 .015
2005ag 2453423.79             18.805 .042 18.763 .076                                 
2005ag 2453424.81             18.915 .028 18.700 .018 19.316 .037 19.070 .029 18.763 .028
2005ag 2453425.79             19.010 .058 18.756 .039 19.389 .058 19.196 .060 18.839 .044
2005ag 2453426.84             19.007 .037 18.777 .022 19.477 .049 19.259 .045 18.784 .033
2005ag 2453427.84             19.114 .029 18.863 .023 19.588 .052 19.312 .040 18.909 .029
2005ag 2453428.85             19.241 .029 18.897 .025 19.521 .045 19.426 .039 18.996 .034
2005ag 2453429.82             19.383 .059 19.029 .022 19.595 .038 19.456 .068 18.914 .051
2005ag 2453430.88             19.445 .029 19.061 .022 19.641 .040 19.655 .037 19.091 .028
2005ag 2453431.87             19.529 .027 19.082 .021 19.643 .041 19.844 .050 19.196 .031
2005ag 2453432.86             19.621 .027 19.103 .019 19.580 .033 19.939 .041 19.244 .026
2005ag 2453436.81             20.029 .021 19.320 .015 19.663 .036 20.412 .037 19.529 .021
2005ag 2453444.84             20.753 .025 19.593 .019 19.550 .024 21.186 .049 20.125 .032
2005ag 2453445.83             20.791 .025 19.651 .017 19.570 .026 21.235 .042 20.184 .031
2005ag 2453446.84             20.817 .033 19.722 .022 19.551 .025 21.175 .062 20.168 .032
2005ag 2453452.78             21.173 .118 20.019 .043 19.830 .040 21.518 .158 20.634 .082
2005ag 2453453.73             21.243 .140 19.965 .042 19.973 .046 21.626 .226 20.630 .093
2005ag 2453454.77             21.276 .240 20.103 .056 19.983 .065 21.553 .274         
2005ag 2453455.83                         20.277 .073 20.118 .081             20.648 .156
2005ag 2453456.82             21.237 .132 20.251 .054 20.179 .050 21.704 .284 20.653 .090
2005ag 2453457.80             21.231 .113 20.295 .049 20.189 .051 21.510 .211 20.900 .124
2005ag 2453458.80                         20.227 .046 20.277 .058 22.089 .311 20.744 .095
2005ag 2453459.82             21.290 .110 20.374 .043 20.275 .056 21.895 .255 20.898 .081
2005ag 2453460.75             21.291 .090 20.405 .047 20.315 .047 21.814 .183 20.987 .097
2005ag 2453464.82             21.485 .048 20.441 .022 20.542 .045 22.020 .139 20.975 .083
2005ag 2453465.82             21.585 .046 20.485 .028 20.515 .050 21.816 .096 20.951 .051
2005ag 2453466.83             21.502 .044 20.507 .029 20.669 .058 21.994 .204 20.990 .058
2005ag 2453467.81             21.456 .045 20.561 .033 20.775 .054 21.876 .077 20.989 .047
2005ag 2453468.78             21.587 .036 20.577 .024 20.657 .039 21.941 .054 21.017 .032
2005ag 2453472.83             21.608 .040 20.740 .028 20.864 .056 21.949 .072 21.090 .040
2005ag 2453474.76             21.665 .052 20.721 .031 20.920 .049 21.913 .078 21.060 .036
2005ag 2453475.80             21.653 .040 20.744 .028 20.879 .055 22.083 .068 21.117 .046
2005ag 2453477.72             21.697 .039 20.796 .025 21.036 .044 21.971 .064 21.102 .044
2005ag 2453478.81             21.599 .037 20.813 .030 21.165 .065 22.036 .125 21.171 .071
2005ag 2453479.82             21.649 .044 20.856 .030 21.184 .060 21.909 .073 21.161 .046
2005ag 2453480.83             21.714 .060 20.958 .050 21.025 .119 22.219 .233 21.208 .124
2005al 2453429.75 15.629 .010 15.016 .006 15.102 .008 15.713 .013 15.076 .006 15.088 .006
2005al 2453430.79 15.634 .007 15.010 .005 15.073 .008 15.747 .011 15.072 .006 15.076 .007
2005al 2453431.81 15.684 .007 15.022 .005 15.085 .007 15.797 .009 15.087 .006 15.077 .007
2005al 2453432.80 15.737 .009 15.045 .006 15.074 .007 15.807 .010 15.121 .007 15.086 .007
2005al 2453436.78 16.082 .007 15.228 .004 15.248 .005 15.997 .008 15.346 .004 15.223 .004
2005al 2453444.81 17.172 .014 15.886 .007 15.859 .009 16.579 .012 16.173 .010 15.742 .008
2005al 2453445.81 17.333 .015 15.980 .008 15.879 .010 16.545 .014 16.305 .008 15.816 .008
2005al 2453446.82 17.488 .015 16.085 .008 15.909 .008 16.533 .012 16.424 .006 15.866 .007
2005al 2453452.76 18.323 .026 16.708 .009 15.973 .009 16.270 .009 17.123 .010 16.222 .009
2005al 2453453.69 18.376 .026 16.807 .009 16.023 .008 16.253 .009 17.218 .009 16.294 .009
2005al 2453454.74 18.429 .034 16.916 .011 16.074 .008 16.255 .009 17.344 .015 16.373 .009
2005al 2453455.78 18.559 .043 17.029 .014 16.155 .008 16.279 .008 17.428 .019 16.492 .011
2005al 2453456.78 18.636 .037 17.116 .012 16.222 .009 16.331 .010 17.513 .014 16.554 .009
2005al 2453457.76 18.687 .033 17.220 .012 16.303 .009 16.398 .010 17.580 .015 16.649 .011
2005al 2453458.75 18.767 .026 17.294 .012 16.404 .010 16.486 .010 17.700 .014 16.707 .011
2005al 2453459.78 18.854 .024 17.368 .011 16.478 .009 16.578 .009 17.761 .014 16.786 .010
2005al 2453460.72 18.903 .022 17.462 .012 16.539 .009 16.659 .010 17.827 .014 16.864 .010
2005al 2453461.69 18.921 .023 17.501 .012 16.609 .010 16.739 .011 17.872 .014 16.941 .011
2005al 2453464.79 19.118 .020 17.642 .011 16.795 .009 16.933 .010 18.031 .014 17.106 .011
2005al 2453465.79 19.101 .019 17.703 .010 16.846 .009 17.017 .009 18.074 .009 17.148 .010
2005al 2453466.80 19.174 .022 17.740 .010 16.865 .009 17.066 .009 18.089 .009 17.186 .010
2005al 2453467.77 19.176 .020 17.756 .011 16.902 .008 17.100 .009 18.130 .008 17.207 .010
2005al 2453468.74 19.223 .016 17.796 .012 16.988 .011 17.180 .011 18.154 .009 17.251 .009
2005al 2453473.70 19.361 .018 17.915 .011 17.167 .008 17.424 .010 18.273 .008 17.411 .009
2005al 2453474.83 19.342 .027 17.937 .008 17.172 .007 17.441 .009 18.306 .009 17.461 .011
2005al 2453475.71 19.383 .017 17.957 .008 17.251 .008 17.524 .009 18.317 .009 17.501 .010
2005al 2453476.81 19.395 .021 17.991 .009 17.288 .009 17.553 .009 18.343 .009 17.513 .011
2005al 2453477.84 19.389 .026 18.000 .008 17.322 .008 17.611 .009 18.369 .009 17.552 .011
2005al 2453478.76 19.492 .025 18.023 .010 17.356 .009 17.639 .011 18.386 .009 17.586 .012
2005al 2453479.73 19.468 .027 18.033 .014 17.394 .012 17.688 .015 18.416 .012 17.609 .014
2005al 2453480.74 19.465 .028 18.050 .011 17.421 .012 17.726 .012 18.413 .011 17.628 .014
2005al 2453483.73 19.595 .066             17.524 .013 17.855 .012 18.487 .025 17.641 .037
2005al 2453490.72 19.684 .029 18.269 .012 17.785 .010 18.136 .011 18.587 .012 17.885 .013
2005al 2453491.72 19.727 .032 18.273 .011 17.816 .013 18.168 .012 18.606 .011 17.917 .014
2005al 2453512.77 20.031 .189 18.603 .029 18.416 .035 18.903 .050 18.807 .045 18.383 .033
2005am 2453432.56 14.576 .006 13.988 .005 13.988 .008 14.267 .007 14.082 .013 14.033 .007
2005am 2453436.61 14.443 .005 13.769 .002 13.755 .003 14.286 .003 13.851 .003 13.782 .002
2005am 2453438.56 14.551 .009 13.787 .006 13.721 .005 14.332 .008 13.882 .006 13.765 .005
2005am 2453444.63 15.253 .009 14.119 .006 14.052 .007 14.774 .009 14.344 .008 13.975 .006
2005am 2453445.63 15.376 .010 14.199 .006 14.125 .009 14.827 .011 14.465 .008 14.045 .006
2005am 2453446.63 15.531 .010 14.296 .004 14.211 .006 14.885 .007 14.599 .006 14.129 .006
2005am 2453451.55             14.861 .010 14.389 .009 14.752 .019                     
2005am 2453452.56 16.590 .015 14.988 .007 14.391 .008 14.754 .012 15.447 .011 14.541 .009
2005am 2453453.55 16.685 .016 15.101 .008 14.405 .007 14.703 .009 15.581 .009 14.615 .006
2005am 2453454.58 16.844 .020 15.223 .006 14.438 .005 14.693 .008 15.711 .011 14.693 .007
2005am 2453455.65 17.015 .025 15.359 .006 14.474 .006 14.675 .007 15.871 .012 14.768 .006
2005am 2453456.56 17.052 .022 15.476 .006 14.517 .005 14.668 .006 15.958 .010 14.841 .007
2005am 2453457.56 17.203 .020 15.574 .006 14.582 .006             16.057 .010 14.923 .007
2005am 2453458.53 17.307 .023 15.712 .007 14.671 .005 14.728 .006 16.174 .010 15.040 .006
2005am 2453459.66 17.388 .026 15.824 .006 14.784 .006 14.813 .006 16.301 .011 15.158 .006
2005am 2453460.50 17.452 .023 15.912 .008 14.876 .007 14.900 .008 16.386 .012 15.233 .006
2005am 2453461.50 17.550 .022 16.011 .008 14.973 .007             16.440 .012 15.342 .008
2005am 2453464.52 17.715 .025 16.224 .008 15.212 .006 15.262 .008 16.679 .012 15.558 .008
2005am 2453465.52 17.744 .018 16.288 .008 15.280 .006 15.346 .008 16.740 .013 15.631 .007
2005am 2453466.52 17.831 .023 16.337 .008 15.347 .006 15.414 .008 16.783 .013 15.671 .008
2005am 2453467.63 17.873 .016 16.366 .008 15.402 .004 15.469 .006 16.814 .011 15.720 .007
2005am 2453468.52 17.877 .015 16.407 .007 15.446 .007 15.546 .007 16.854 .012 15.769 .007
2005am 2453472.48 18.011 .018 16.507 .008 15.624 .004 15.745 .007 16.960 .013 15.890 .008
2005am 2453473.48 18.023 .017 16.555 .009 15.676 .007 15.800 .007 17.004 .013 15.949 .008
2005am 2453474.49 18.079 .014 16.574 .008 15.699 .006 15.850 .008 17.010 .012 15.991 .008
2005am 2453475.48 18.112 .015 16.623 .009 15.736 .007 15.900 .008 17.030 .014 16.024 .008
2005am 2453476.48 18.108 .014 16.621 .011 15.780 .011 15.952 .014 17.035 .015 16.033 .010
2005am 2453477.47 18.122 .016 16.668 .009 15.831 .009 15.994 .013 17.079 .014 16.085 .010
2005am 2453478.47 18.131 .017 16.674 .011 15.859 .012 16.022 .015 17.109 .017 16.114 .010
2005am 2453479.47 18.147 .050 16.714 .034 15.902 .019 16.089 .028 17.033 .026 16.090 .030
2005am 2453480.47 18.169 .018 16.705 .009 15.940 .009 16.123 .009 17.128 .018 16.187 .011
2005am 2453481.46 18.203 .024 16.705 .010 15.981 .008 16.147 .010 17.147 .015 16.197 .010
2005am 2453482.50 18.075 .044 16.751 .015 16.006 .011 16.205 .016 17.131 .023 16.244 .014
2005am 2453483.50 18.232 .020 16.764 .010 16.036 .009 16.241 .012 17.182 .017 16.261 .011
2005am 2453489.49 18.431 .018 16.867 .009 16.248 .009 16.489 .010 17.295 .015 16.435 .010
2005am 2453490.46 18.455 .016 16.908 .009 16.301 .009 16.531 .010 17.282 .019 16.459 .009
2005am 2453491.46 18.429 .024 16.908 .014 16.343 .015 16.576 .023 17.332 .025 16.496 .014
2005am 2453512.45 18.906 .031 17.244 .014 17.099 .013 17.340 .018 17.529 .020 17.070 .016
2005be 2453467.87 18.298 .021 17.243 .017 17.175 .017 17.870 .017 17.452 .017 17.177 .017
2005be 2453468.84 18.414 .018 17.311 .017 17.255 .017 17.980 .017 17.541 .017 17.242 .017
2005be 2453472.77 19.078 .023 17.732 .017 17.532 .017 18.213 .017 18.042 .017 17.523 .017
2005be 2453473.79 19.288 .030 17.855 .017 17.565 .017 18.207 .017 18.194 .017 17.604 .017
2005be 2453475.76 19.535 .037 18.096 .017 17.629 .017 18.161 .017 18.487 .017 17.738 .017
2005be 2453476.76 19.750 .042 18.248 .017 17.639 .017 18.121 .017 18.628 .017 17.846 .017
2005be 2453477.79 19.961 .043 18.368 .017 17.669 .017 18.083 .017 18.791 .017 17.918 .017
2005be 2453481.75 20.162 .096 18.852 .017 17.833 .017 17.998 .017 19.224 .021 18.235 .017
2005be 2453483.78 20.456 .214 19.036 .031 17.993 .017 18.031 .017 19.480 .049 18.462 .026
2005be 2453484.76                                                 19.503 .140 18.478 .048
2005be 2453489.73             19.482 .030 18.490 .017 18.555 .017 19.855 .073 18.895 .034
2005be 2453490.75             19.584 .018 18.534 .017 18.632 .017 19.987 .035 18.983 .017
2005be 2453491.76             19.594 .017 18.580 .017 18.703 .019 20.030 .032 19.028 .017
2005bg 2453471.64                                                 15.986 .005 15.901 .006
2005bg 2453472.65 16.579 .008 15.938 .005 16.009 .009 16.695 .013 16.018 .006 15.919 .006
2005bg 2453473.63 16.673 .008 15.962 .006 15.943 .006 16.690 .011 16.053 .006 15.951 .007
2005bg 2453474.63 16.757 .009 16.022 .006 15.998 .006 16.757 .013 16.100 .006 15.952 .007
2005bg 2453475.66 16.835 .010 16.076 .007 16.042 .006 16.797 .012 16.151 .006 15.999 .007
2005bg 2453476.65 16.958 .012 16.083 .010 16.057 .009 16.798 .015 16.198 .008 16.019 .009
2005bg 2453477.67 17.042 .013 16.091 .009 16.199 .013 16.939 .015 16.265 .007 16.109 .010
2005bg 2453478.70 17.145 .011 16.244 .009 16.172 .009 17.030 .014 16.335 .007 16.144 .008
2005bg 2453480.68 17.298 .015 16.324 .008 16.337 .009 17.118 .013 16.497 .008 16.231 .009
2005bg 2453481.64 17.374 .021 16.396 .007 16.459 .008 17.300 .015 16.575 .008 16.336 .008
2005bg 2453483.66 17.662 .024 16.567 .009 16.589 .009 17.437 .016 16.792 .008 16.460 .010
2005bg 2453484.68             16.643 .022 16.630 .018 17.484 .023 16.894 .012 16.506 .011
2005bg 2453489.62 18.528 .033 17.123 .008 16.770 .007 17.487 .017 17.433 .009 16.768 .008
2005bg 2453490.64 18.515 .048 17.214 .009 16.757 .009 17.365 .015 17.585 .009 16.813 .010
2005bg 2453491.61 18.795 .031 17.248 .012 16.740 .011 17.300 .016 17.641 .014 16.872 .012
2005bg 2453512.59             18.774 .027 17.675 .011 17.881 .016 18.932 .035 18.038 .020
2005bl 2453476.58 20.411 .042 18.984 .073 18.877 .011 18.870 .028 19.359 .016 18.917 .015
2005bl 2453477.61 20.212 .044 18.748 .074 18.619 .012 18.635 .014 19.140 .017 18.664 .013
2005bl 2453478.63 20.041 .069 18.550 .072 18.389 .011 18.376 .014 18.954 .017 18.444 .016
2005bl 2453479.62             18.402 .076 18.230 .023 18.213 .028 18.822 .025 18.298 .019
2005bl 2453480.63 20.009 .087 18.302 .072 18.027 .010 18.078 .014 18.768 .020 18.142 .014
2005bl 2453481.58 19.992 .107 18.239 .074 17.922 .010 17.950 .012 18.723 .022 18.062 .015
2005bl 2453483.60 20.086 .137 18.227 .076 17.742 .009 17.810 .012 18.711 .035 17.942 .015
2005bl 2453484.62 20.104 .215 18.176 .080 17.665 .026 17.730 .023 18.771 .037 17.883 .017
2005bl 2453489.57 21.139 .106 18.826 .074 17.788 .007 17.775 .009 19.523 .028 18.210 .011
2005bl 2453490.58 21.539 .122 19.019 .072 17.880 .010 17.835 .012 19.736 .018 18.350 .011
2005bl 2453491.54 21.517 .091 19.172 .073 17.963 .012 17.877 .014 19.893 .017 18.464 .013
2005bl 2453512.54             20.667 .115 19.574 .030 19.521 .037 21.237 .175 19.951 .057
2005bo 2453478.74 16.532 .010 15.686 .009 15.458 .009 15.831 .012 15.850 .011 15.585 .012
2005bo 2453479.72 16.581 .013 15.667 .010 15.436 .012 15.853 .016 15.841 .011 15.585 .012
2005bo 2453480.72 16.640 .011 15.688 .013 15.442 .012 15.904 .015 15.871 .010 15.551 .014
2005bo 2453481.68 16.721 .012 15.701 .010 15.430 .011 15.930 .013 15.919 .010 15.584 .011
2005bo 2453484.73 17.024 .030 15.839 .014 15.517 .012 16.060 .020 16.084 .025 15.677 .021
2005bo 2453487.72                                                             15.809 .013
2005bo 2453489.71 17.752 .017 16.236 .009 15.910 .009 16.461 .010 16.586 .010 15.956 .010
2005bo 2453490.70 17.894 .015 16.328 .009 15.973 .011 16.511 .012 16.705 .012 16.027 .012
2005bo 2453491.70 18.040 .017 16.419 .011 16.016 .010 16.509 .012 16.829 .011 16.100 .015
2005bo 2453512.75             18.171 .079 17.003 .023 16.884 .019 18.618 .143 17.483 .062
2005el 2453639.86 16.156 .006 15.771 .009 15.790 .007 15.965 .006 15.869 .006 15.822 .006
2005el 2453641.86 15.837 .006 15.454 .004 15.496 .004 15.718 .004 15.573 .006 15.518 .004
2005el 2453644.85 15.677 .007 15.198 .009 15.287 .007 15.678 .008 15.322 .006 15.277 .006
2005el 2453650.90                                     15.903 .005                     
2005el 2453655.82 16.579 .008 15.575 .005 15.660 .007 16.426 .009 15.779 .006 15.533 .006
2005el 2453659.78 17.159 .014 15.943 .004 15.954 .005 16.645 .006 16.256 .007 15.836 .005
2005el 2453663.80 17.863 .021 16.368 .006 16.043 .005 16.520 .007 16.781 .007 16.098 .005
2005el 2453665.82 18.185 .018 16.602 .006 16.061 .006 16.438 .008 17.043 .009 16.224 .006
2005el 2453666.78 18.298 .017 16.718 .006 16.084 .006 16.393 .008 17.148 .009 16.283 .006
2005el 2453669.81 18.639 .018 17.074 .004 16.196 .005 16.327 .005 17.521 .009 16.528 .004
2005el 2453671.82 18.814 .018 17.272 .006 16.324 .006 16.378 .007 17.718 .009 16.682 .005
2005el 2453673.81 18.955 .021 17.438 .007 16.486 .008 16.509 .010 17.865 .009 16.830 .008
2005el 2453675.83 19.025 .028 17.570 .009 16.636 .010 16.679 .012 17.985 .012 17.001 .010
2005el 2453682.81 19.310 .049 17.880 .016 17.071 .013 17.165 .012 18.307 .020 17.344 .017
2005el 2453683.80 19.333 .034 17.919 .009 17.110 .007 17.207 .009 18.355 .011 17.396 .008
2005el 2453687.77 19.459 .050 18.031 .012 17.297 .011 17.402 .012 18.451 .024 17.526 .013
2005el 2453689.80 19.393 .078 18.084 .016 17.341 .013 17.499 .014 18.486 .032 17.578 .016
2005el 2453690.82 19.547 .136 18.104 .028 17.392 .013 17.570 .015 18.569 .042 17.612 .017
2005el 2453694.81 19.648 .057 18.193 .014 17.547 .013 17.744 .016 18.611 .027 17.744 .016
2005el 2453698.76 19.709 .038 18.266 .011 17.677 .009 17.899 .014 18.681 .022 17.857 .010
2005el 2453699.75 19.737 .037 18.289 .010 17.716 .011 17.940 .014 18.696 .018 17.869 .011
2005el 2453702.75 19.746 .034 18.339 .010 17.834 .011 18.069 .013 18.798 .018 17.957 .011
2005el 2453712.73 20.104 .041 18.555 .011 18.188 .012 18.487 .015 18.921 .020 18.250 .013
2005el 2453721.70 20.159 .128 18.653 .022 18.490 .022 18.843 .031 19.086 .056 18.475 .030
2005el 2453730.74 20.381 .076 18.870 .016 18.812 .017 19.154 .029 19.213 .025 18.755 .019
2005eq 2453650.79 16.936 .011 16.487 .006 16.549 .006 16.965 .008 16.607 .008 16.521 .006
2005eq 2453655.76 17.063 .013 16.450 .006 16.408 .007 17.032 .009 16.576 .009 16.463 .008
2005eq 2453658.70 17.204 .014 16.505 .006 16.442 .007 17.113 .010 16.651 .010 16.491 .008
2005eq 2453659.67 17.330 .022 16.539 .009 16.468 .007 17.152 .012 16.679 .009 16.514 .009
2005eq 2453662.75 17.518 .021 16.647 .007 16.577 .008 17.256 .011 16.795 .009 16.589 .011
2005eq 2453663.72 17.598 .018 16.690 .008 16.627 .009 17.355 .013 16.867 .009 16.639 .009
2005eq 2453665.70 17.877 .016 16.783 .007 16.737 .008 17.471 .014 16.999 .008 16.736 .008
2005eq 2453666.75 17.978 .015 16.849 .007 16.795 .009 17.562 .014 17.078 .007 16.776 .008
2005eq 2453669.72 18.340 .019 17.069 .006 16.978 .007 17.743 .010 17.360 .008 16.948 .007
2005eq 2453671.76 18.633 .021 17.255 .007 17.048 .008 17.786 .011 17.563 .011 17.071 .009
2005eq 2453673.77 18.870 .022 17.425 .009 17.101 .009 17.791 .014 17.788 .011 17.167 .010
2005eq 2453675.73 19.197 .028 17.597 .010 17.145 .010 17.733 .016 17.998 .013 17.271 .013
2005eq 2453682.78             18.189 .016 17.287 .014 17.659 .031 18.648 .039 17.652 .042
2005eq 2453683.73 19.902 .047 18.242 .011 17.298 .010 17.629 .014 18.709 .017 17.693 .012
2005eq 2453687.74 20.112 .086 18.510 .019 17.406 .012 17.600 .016 18.919 .025 17.868 .018
2005eq 2453694.72 20.609 .120 18.906 .020 17.823 .015 17.946 .017 19.348 .030 18.275 .016
2005eq 2453698.66 20.568 .101 19.076 .015 18.011 .010 18.142 .013 19.484 .023 18.469 .016
2005eq 2453699.69 20.639 .064 19.093 .015 18.080 .014 18.255 .016 19.512 .029 18.526 .018
2005eq 2453707.74 20.795 .169 19.265 .025 18.353 .018 18.592 .032 19.717 .031 18.774 .021
2005eq 2453712.66 21.008 .104 19.378 .021 18.493 .013 18.827 .020 19.736 .031 18.879 .019
2005eq 2453721.63             19.521 .041 18.764 .023 19.156 .033 19.780 .070 19.071 .038
2005eq 2453726.68             19.554 .020 18.898 .019 19.337 .035 19.847 .057 19.260 .028
2005eq 2453730.69             19.639 .017 19.062 .022 19.544 .042 19.987 .031 19.261 .027
2005eq 2453737.65             19.736 .018 19.192 .020 19.617 .043 20.095 .043 19.457 .031
2005eq 2453741.62             19.821 .028 19.345 .019 19.756 .042 20.105 .054 19.524 .030
2005eq 2453746.64             19.897 .053 19.459 .031 19.965 .058 20.102 .076 19.679 .055
2005eq 2453751.65             19.965 .075 19.665 .057 20.082 .075 20.109 .096 19.664 .071
2005hc 2453662.69 18.029 .033 17.437 .010 17.570 .010 17.971 .017 17.519 .013 17.547 .011
2005hc 2453663.67 17.891 .018 17.380 .007 17.512 .009 17.947 .012 17.471 .008 17.500 .009
2005hc 2453665.64 17.906 .013 17.308 .006 17.419 .008 17.988 .012 17.406 .006 17.415 .007
2005hc 2453666.70 17.900 .016 17.280 .007 17.389 .007 17.972 .012 17.392 .007 17.396 .008
2005hc 2453669.64 18.041 .014 17.320 .005 17.367 .006 18.033 .009 17.434 .006 17.394 .007
2005hc 2453671.72 18.220 .016 17.372 .007 17.374 .007 18.061 .014 17.506 .007 17.413 .007
2005hc 2453673.70 18.378 .017 17.452 .007 17.439 .009 18.105 .016 17.617 .008 17.453 .010
2005hc 2453675.68 18.565 .018 17.556 .007 17.514 .008 18.205 .015 17.728 .008 17.527 .010
2005hc 2453682.73             18.078 .029 17.872 .019 18.662 .089 18.378 .045 17.916 .016
2005hc 2453684.68 19.608 .044 18.272 .012 17.975 .011 18.750 .017 18.543 .012 18.003 .011
2005hc 2453687.69 20.172 .110 18.541 .020 18.044 .015 18.727 .025 18.858 .020 18.160 .013
2005hc 2453690.70 20.227 .221 18.846 .025 18.075 .015 18.662 .021 19.156 .041 18.370 .021
2005hc 2453695.74             19.186 .018 18.220 .011 18.619 .015 19.568 .030 18.641 .015
2005hc 2453699.64             19.548 .013 18.371 .010 18.566 .019 19.908 .021 18.875 .015
2005hc 2453703.67             19.808 .016 18.620 .012 18.750 .018 20.187 .026 19.127 .016
2005hc 2453713.53             20.182 .025 19.115 .014 19.343 .024 20.468 .047 19.575 .022
2005hc 2453722.62                                     19.650 .031 20.637 .060 19.791 .030
2005hc 2453726.62                                     19.939 .034 20.681 .039 19.876 .023
2005hc 2453730.64             20.374 .026 19.582 .019 19.994 .040 20.745 .042 20.010 .023
2005hc 2453737.57             20.549 .026 19.819 .019 20.319 .045 20.904 .037 20.126 .029
2005hc 2453739.61             20.555 .028 19.859 .020 20.296 .057 20.857 .044 20.186 .031
2005hc 2453740.60             20.553 .026 19.835 .025 20.377 .052 20.977 .055 20.127 .034
2005hc 2453746.57             20.590 .060 19.988 .032             21.151 .179 20.296 .065
2005hc 2453751.60             20.781 .159 20.231 .086             21.119 .219 20.432 .098
2005hc 2453755.59             20.680 .037 20.295 .030                         20.515 .063
2005iq 2453682.54 17.379 .016 17.034 .007 17.194 .008 17.416 .011 17.117 .009 17.175 .009
2005iq 2453683.55 17.288 .014 16.931 .009 17.103 .011 17.337 .013 17.015 .009 17.080 .011
2005iq 2453684.59 17.248 .015 16.857 .009 17.011 .010 17.333 .014 16.935 .010 17.003 .010
2005iq 2453687.54 17.309 .019 16.733 .008 16.907 .012 17.409 .014 16.838 .010 16.875 .008
2005iq 2453689.62 17.434 .020 16.758 .010 16.876 .011 17.492 .017 16.863 .011 16.859 .012
2005iq 2453690.56 17.541 .021 16.793 .009 16.896 .011 17.497 .013 16.903 .009 16.864 .010
2005iq 2453694.60 18.028 .021 16.985 .009 17.061 .010 17.769 .015 17.167 .009 17.011 .009
2005iq 2453695.61 18.095 .020 17.057 .008 17.136 .008 17.874 .015 17.250 .009 17.070 .009
2005iq 2453698.57 18.518 .030 17.304 .006 17.371 .008 18.170 .017 17.562 .009 17.263 .009
2005iq 2453699.60 18.751 .032 17.414 .008 17.437 .008 18.242 .017 17.664 .010 17.330 .009
2005iq 2453702.60 19.163 .042 17.742 .009 17.590 .009 18.313 .013 18.045 .012 17.537 .011
2005iq 2453706.63 19.658 .063 18.193 .010 17.666 .009 18.196 .016 18.583 .017 17.806 .011
2005iq 2453716.60             19.102 .043 18.071 .018 18.145 .021 19.370 .078 18.517 .027
2005iq 2453721.57 20.740 .195 19.452 .031 18.477 .016 18.559 .023 19.713 .058 18.851 .033
2005iq 2453726.59 20.639 .171 19.597 .023 18.684 .014 18.918 .027 19.945 .049 19.105 .028
2005iq 2453730.58 21.112 .208 19.763 .027 18.881 .018 19.150 .030 20.141 .031 19.236 .021
2005iq 2453738.53 21.618 .253 19.858 .076 19.159 .028 19.458 .033 20.328 .047 19.422 .022
2005iq 2453746.54             20.066 .065 19.425 .031 19.720 .054 20.357 .116 19.670 .054
2005iq 2453750.54             20.173 .115 19.520 .064 19.941 .087             19.684 .092
2005iq 2453755.54             20.213 .080 19.706 .046             20.547 .060 19.863 .051
2005ir 2453682.61             18.455 .015 18.510 .021 18.960 .055 18.546 .023 18.457 .023
2005ir 2453683.61 19.057 .032 18.465 .013 18.466 .014 18.906 .020 18.511 .016 18.387 .023
2005ir 2453684.64 19.111 .037 18.438 .012 18.442 .014 18.866 .025 18.518 .017 18.406 .019
2005ir 2453687.62 19.292 .065 18.475 .024 18.359 .021             18.552 .031 18.337 .027
2005ir 2453690.62 19.582 .088 18.590 .022 18.433 .019 18.976 .029 18.683 .043 18.401 .030
2005ir 2453694.67 20.057 .074 18.819 .017 18.573 .015 19.227 .032 18.931 .020 18.617 .016
2005ir 2453695.65 20.299 .071 18.953 .024 18.707 .020 19.285 .027 18.999 .018 18.698 .016
2005ir 2453698.61 20.634 .093 19.100 .013 18.805 .016 19.558 .041 19.260 .022 18.817 .017
2005ir 2453703.63 21.604 .190 19.606 .022 19.084 .020 19.607 .041 19.777 .026 19.190 .019
2005ir 2453707.66             19.938 .023 19.124 .017 19.439 .037 20.215 .032 19.384 .018
2005ir 2453722.59                                     19.726 .034 21.255 .112 20.481 .043
2005ir 2453728.62                                     20.062 .047 21.629 .077 20.690 .040
2005ir 2453738.56                                     20.448 .054             20.964 .063
2005ir 2453740.54                                                             20.888 .061
2005kc 2453687.51 17.986 .028 17.092 .009 16.792 .010 16.801 .012 17.266 .016 17.012 .012
2005kc 2453689.56 17.337 .023 16.588 .010 16.293 .009 16.339 .010 16.732 .013 16.502 .010
2005kc 2453690.53             16.414 .006 16.130 .007 16.193 .008 16.567 .012 16.346 .008
2005kc 2453694.57 16.753 .016 15.990 .008 15.723 .008 15.888 .008 16.146 .009 15.892 .007
2005kc 2453695.58 16.758 .017 15.940 .008 15.667 .007 15.888 .009 16.087 .009 15.853 .009
2005kc 2453698.55 16.785 .016 15.868 .005 15.612 .005 15.985 .006 16.039 .008 15.767 .006
2005kc 2453699.53 16.855 .016 15.883 .008 15.598 .007 16.000 .009 16.059 .010 15.754 .007
2005kc 2453702.54 17.131 .018 15.969 .005 15.631 .005 16.096 .007 16.190 .009 15.806 .006
2005kc 2453706.55             16.188 .008 15.823 .008 16.318 .010 16.497 .010 15.938 .006
2005kc 2453712.52 18.427 .034 16.722 .009 16.192 .009 16.618 .011 17.177 .013 16.337 .010
2005kc 2453716.53 19.177 .092 17.158 .010 16.309 .006 16.546 .010 17.691 .020 16.624 .010
2005kc 2453720.54 19.632 .140 17.548 .013 16.382 .007 16.473 .009 18.138 .036 16.848 .011
2005kc 2453728.53             18.223 .016             16.644 .011 18.744 .035 17.353 .014
2005ke 2453689.68 17.477 .025 16.363 .009 16.138 .008 16.149 .009 16.629 .012 16.222 .009
2005ke 2453690.76 16.912 .016 15.893 .007 15.662 .007 15.737 .008 16.139 .010 15.743 .008
2005ke 2453694.75 16.278 .012 14.923 .006 14.659 .006 14.801 .007 15.209 .008 14.735 .006
2005ke 2453695.71 16.235 .013 14.787 .006 14.510 .006 14.673 .007 15.095 .008 14.591 .009
2005ke 2453698.71 16.178 .011 14.532 .004 14.172 .004 14.389 .006 14.893 .006 14.282 .005
2005ke 2453699.71 16.221 .014 14.505 .006 14.128 .009 14.336 .008 14.919 .011 14.226 .006
2005ke 2453702.70 16.559 .014 14.624 .007 14.072 .011 14.320 .009 15.116 .011 14.221 .008
2005ke 2453703.76 16.712 .015 14.742 .006 14.071 .005 14.326 .006 15.289 .013 14.272 .007
2005ke 2453706.71 17.249 .018 15.165 .006 14.235 .006 14.413 .010 15.750 .014 14.532 .008
2005ke 2453707.82 17.453 .022 15.348 .007 14.310 .004 14.459 .005 15.917 .008 14.673 .009
2005ke 2453712.71 18.061 .025 15.971 .006 14.719 .005 14.698 .006 16.568 .011 15.174 .008
2005ke 2453713.67 18.121 .027 16.064 .006 14.809 .006 14.773 .007 16.631 .013 15.268 .007
2005ke 2453716.65 18.233 .034 16.284 .006 15.047 .005 14.979 .006 16.838 .008 15.505 .006
2005ke 2453720.68 18.367 .038 16.506 .008 15.410 .008 15.333 .008 17.028 .012 15.794 .010
2005ke 2453721.65 18.435 .037 16.554 .007 15.491 .006 15.427 .007 17.087 .011 15.857 .010
2005ke 2453725.72 18.500 .034 16.737 .006 15.771 .006 15.727 .006 17.228 .011 16.084 .008
2005ke 2453730.71 18.659 .035 16.896 .006 16.054 .007 16.015 .009 17.369 .011 16.310 .009
2005ke 2453736.67 18.832 .041 17.050 .009 16.345 .007 16.308 .008 17.516 .014 16.519 .009
2005ke 2453737.67 18.863 .041 17.069 .008 16.389 .008 16.356 .010 17.551 .013 16.552 .009
2005ke 2453741.64 19.019 .053 17.178 .007 16.580 .007 16.536 .008 17.630 .010 16.700 .008
2005ke 2453746.67 19.206 .055 17.297 .010 16.792 .008 16.741 .011 17.744 .017 16.852 .010
2005ke 2453750.60 19.152 .062 17.372 .011 16.964 .009 16.901 .009 17.816 .016 16.961 .010
2005ke 2453755.63 19.378 .051 17.485 .008 17.204 .009 17.091 .009 17.930 .015 17.101 .009
2005ke 2453761.69 19.623 .081 17.623 .009 17.470 .009 17.308 .011 18.083 .015 17.297 .010
2005ke 2453763.58 19.719 .062 17.662 .013 17.545 .012 17.353 .013 18.096 .016 17.354 .013
2005ke 2453764.60 19.735 .081 17.696 .011 17.591 .013 17.394 .012 18.111 .015 17.393 .012
2005ke 2453765.58 19.793 .058 17.716 .010 17.637 .013 17.417 .015 18.138 .020 17.427 .015
2005ke 2453767.54             17.751 .009 17.740 .009 17.468 .010 18.174 .012 17.470 .009
2005ke 2453771.56 19.937 .073 17.811 .011 17.895 .013 17.585 .014 18.249 .016 17.587 .012
2005ke 2453773.57 20.118 .094 17.872 .013 17.994 .015 17.652 .016 18.279 .016 17.646 .015
2005ke 2453775.41 20.175 .128 17.961 .013 18.061 .015 17.694 .013 18.331 .021 17.705 .015
2005ke 2453778.56 20.305 .158 18.003 .016 18.194 .016 17.766 .017 18.370 .024 17.790 .018
2005ke 2453784.54 20.236 .076 18.102 .012 18.451 .018 17.956 .015 18.507 .016 17.951 .015
2005ke 2453786.55 20.453 .107 18.177 .014 18.514 .017 17.984 .018 18.532 .023 18.056 .016
2005ke 2453798.53 20.819 .135 18.438 .016 18.968 .019 18.269 .019 18.804 .023 18.350 .020
2005ke 2453804.56             18.574 .028 19.243 .056 18.390 .027 18.859 .029 18.489 .025
2005ke 2453809.53             18.724 .038 19.369 .048 18.504 .029 19.043 .082 18.637 .049
2005ke 2453819.49 21.253 .198 18.888 .020 19.745 .039 18.688 .027 19.140 .025 18.961 .028
2005ke 2453966.82                         23.027 .182                                 
2005ke 2453967.87 22.410 .194 21.593 .051             21.587 .053 21.375 .072 21.928 .074
2005ki 2453695.85 17.125 .037 16.861 .009 16.953 .009 17.097 .013 16.973 .012 16.953 .009
2005ki 2453702.82 16.062 .012 15.661 .006 15.787 .006 16.170 .007 15.727 .007 15.760 .006
2005ki 2453703.85 16.061 .013 15.624 .006 15.749 .006 16.209 .009 15.697 .008 15.718 .006
2005ki 2453706.84 16.211 .013 15.588 .005 15.683 .006 16.306 .007                     
2005ki 2453707.84 16.285 .012 15.625 .006 15.683 .006 16.320 .009 15.728 .007 15.682 .006
2005ki 2453712.83 16.777 .013 15.867 .005 15.955 .005 16.718 .008 16.030 .007 15.865 .006
2005ki 2453713.85 16.913 .016 15.954 .006 16.055 .005 16.846 .008                     
2005ki 2453716.85 17.351 .030 16.234 .006 16.309 .006 17.038 .012 16.456 .008 16.165 .007
2005ki 2453720.82 18.040 .032 16.646 .009 16.441 .009 17.033 .012 16.998 .012 16.433 .010
2005ki 2453721.83 18.173 .031 16.759 .008 16.433 .008 16.977 .011 17.154 .013 16.486 .009
2005ki 2453728.84 19.039 .042 17.616 .009 16.654 .008 16.783 .009 17.979 .016 17.008 .009
2005ki 2453730.84 19.280 .053 17.798 .012 16.804 .009 16.861 .014 18.202 .011 17.180 .013
2005ki 2453736.81 19.688 .055 18.190 .011 17.267 .009 17.368 .012 18.574 .011 17.615 .024
2005ki 2453738.85             18.280 .012 17.377 .009 17.519 .010 18.640 .014 17.710 .011
2005ki 2453740.85 19.819 .075 18.339 .012 17.466 .009 17.649 .010 18.704 .015 17.788 .012
2005ki 2453741.81 19.916 .083 18.378 .011 17.521 .009 17.681 .010 18.718 .014 17.833 .012
2005ki 2453745.76 19.930 .083 18.461 .014 17.694 .010 17.868 .014 18.863 .015 17.968 .012
2005ki 2453748.76 19.958 .113 18.554 .022 17.758 .012 18.038 .015 18.931 .031 18.036 .015
2005ki 2453751.79 19.902 .118 18.611 .030 17.902 .014 18.130 .019 18.928 .044 18.172 .024
2005ki 2453752.78 19.863 .111 18.693 .035 17.926 .018 18.225 .033 19.034 .053 18.118 .025
2005ki 2453754.74             18.647 .020 18.028 .015 18.278 .019                     
2005ki 2453761.76 20.384 .065 18.801 .012 18.252 .010 18.575 .016 19.141 .016 18.434 .014
2005ki 2453762.77 20.377 .059 18.816 .013 18.308 .012 18.621 .018 19.205 .017 18.445 .012
2005ki 2453763.77 20.135 .108 18.824 .014 18.326 .012 18.601 .030 19.184 .025 18.467 .019
2005ki 2453764.78 20.351 .063 18.856 .013 18.362 .013 18.693 .017 19.221 .018 18.475 .014
2005ki 2453765.76 20.374 .066 18.862 .012 18.407 .011 18.708 .017 19.207 .018 18.520 .015
2005ki 2453771.74 20.462 .077 18.967 .012 18.629 .011 18.964 .020 19.303 .017 18.677 .015
2005ki 2453772.83 20.425 .074 18.987 .013 18.655 .012 18.995 .020 19.342 .020 18.713 .016
2005ki 2453774.73 20.747 .104 19.012 .015 18.717 .014 19.083 .023 19.354 .018 18.780 .016
2005ki 2453775.60 20.618 .111 19.040 .019 18.724 .017 19.142 .029 19.330 .026 18.776 .019
2005ki 2453778.74 20.713 .239 19.043 .034 18.859 .031 19.122 .039 19.402 .049 18.808 .034
2005ki 2453783.68 20.799 .180 19.178 .032 18.986 .023 19.354 .041 19.514 .046 18.982 .031
2005ki 2453784.74 20.819 .173 19.161 .020 19.031 .020 19.442 .033 19.471 .038 18.983 .020
2005ki 2453790.70             19.288 .013 19.276 .016 19.663 .030                     
2005ki 2453795.72             19.361 .015 19.450 .020 19.730 .038 19.721 .023 19.275 .019
2005ki 2453798.73             19.414 .014 19.540 .019 19.911 .033 19.786 .025 19.356 .024
2005ki 2453804.73             19.496 .026 19.802 .042 20.121 .062 19.798 .046 19.553 .034
2005ki 2453805.66             19.543 .046 19.804 .046 19.986 .058 19.766 .051 19.514 .045
2005ki 2453818.65             19.793 .022 20.173 .029 20.397 .064 20.142 .033 19.813 .026
2005ki 2453819.68             19.824 .018 20.214 .031 20.425 .043 20.172 .029 19.846 .026
2005ki 2453823.63             19.860 .019 20.294 .035 20.485 .066 20.257 .031 19.884 .031
2005ki 2453831.61             20.011 .032 20.530 .055 20.659 .081 20.299 .053 20.034 .043
2005ki 2453838.63             19.963 .094 20.936 .205 20.952 .211 20.672 .222 19.979 .118
2005ki 2453840.59             20.038 .059 20.777 .090 20.845 .134 20.578 .128 20.114 .081
2005ki 2453846.62             20.245 .027 20.838 .055 20.932 .108 20.582 .045 20.278 .040
2005ki 2453858.54             20.434 .034 21.187 .077 21.145 .123 20.879 .058 20.520 .057
2005ki 2453861.49             20.432 .072 20.951 .102 21.220 .195 20.937 .133 20.509 .091
2005lu 2453720.62 18.683 .036 17.463 .011 17.253 .012 17.887 .022 17.706 .015 17.349 .012
2005lu 2453721.60 18.822 .039 17.518 .011 17.309 .014 17.911 .017 17.773 .014 17.398 .010
2005lu 2453726.65 19.529 .058 17.886 .013 17.595 .011 18.289 .018 18.232 .017 17.676 .012
2005lu 2453728.66 19.602 .058 18.059 .016 17.684 .016 18.384 .020 18.433 .018 17.806 .019
2005lu 2453737.62 20.526 .147 18.833 .029 17.804 .016 18.149 .019 19.329 .034 18.213 .021
2005lu 2453738.62             18.892 .016 17.809 .013 18.131 .017 19.398 .027 18.269 .018
2005lu 2453745.57             19.450 .040 18.090 .014 18.146 .018 20.008 .058 18.738 .030
2005lu 2453748.62             19.592 .044 18.332 .016 18.333 .019 20.141 .092 18.902 .031
2005lu 2453752.61             19.710 .033 18.580 .017 18.613 .020 20.187 .056 19.110 .028
2005lu 2453761.59             19.929 .025 18.886 .015 19.074 .020 20.464 .042 19.435 .022
2005lu 2453763.53                         18.944 .019 19.173 .023 20.519 .049 19.484 .031
2005lu 2453765.53                         19.024 .028 19.217 .022 20.518 .044 19.579 .034
2005lu 2453771.53                         19.214 .025 19.489 .039 20.644 .075 19.764 .039
2005lu 2453774.52                         19.308 .026 19.606 .052 20.661 .120 19.813 .047
2005lu 2453783.52                         19.747 .055 20.018 .059 20.691 .071 20.044 .059
2005lu 2453788.53                                                 20.850 .055 20.095 .044
2005lu 2453799.50                         20.277 .094 20.450 .102 20.997 .096 20.454 .067
2005na 2453738.70 16.447 .012 16.178 .006 16.309 .007 16.754 .008 16.257 .007 16.288 .007
2005na 2453740.76 16.503 .013 16.168 .008 16.260 .010 16.796 .013 16.252 .009 16.256 .009
2005na 2453741.69 16.555 .017 16.184 .005 16.240 .007 16.815 .009 16.265 .007 16.257 .007
2005na 2453745.64 16.919 .013 16.296 .009 16.297 .009 16.923 .012 16.408 .008 16.326 .009
2005na 2453748.69 17.223 .022 16.431 .006 16.432 .007 17.083 .012 16.584 .009 16.421 .009
2005na 2453751.68 17.579 .024 16.637 .007 16.639 .008 17.359 .009 16.818 .009 16.584 .008
2005na 2453754.67 18.008 .024 16.903 .007 16.842 .008 17.568 .010 17.165 .009 16.795 .008
2005na 2453755.66 18.221 .028 16.999 .006 16.887 .008 17.578 .015 17.264 .009 16.866 .009
2005na 2453760.63 19.073 .043 17.527 .008 17.000 .008 17.467 .011 17.934 .012 17.175 .009
2005na 2453762.65 19.349 .044 17.757 .010 17.033 .009 17.392 .012 18.187 .014 17.306 .009
2005na 2453763.61 19.532 .066 17.833 .009 17.050 .010 17.370 .012 18.287 .015 17.361 .011
2005na 2453764.65 19.507 .052 17.955 .009 17.075 .009 17.336 .014 18.382 .020 17.435 .012
2005na 2453765.60 19.661 .065 18.126 .022 17.100 .014 17.295 .017 18.512 .018 17.494 .012
2005na 2453767.62             18.244 .009 17.161 .007 17.294 .011 18.676 .019 17.631 .009
2005na 2453771.59 19.986 .077 18.547 .013 17.380 .008 17.378 .014 19.009 .022 17.881 .010
2005na 2453772.62 20.159 .102 18.623 .016 17.465 .012 17.429 .012 19.091 .041 17.947 .013
2005na 2453774.62 20.151 .121 18.759 .019 17.604 .011 17.603 .012 19.179 .038 18.046 .018
2005na 2453781.62             18.954 .050 17.910 .014 18.027 .036 19.423 .047 18.326 .030
2005na 2453784.59 20.408 .106 19.004 .021 18.029 .013 18.174 .016 19.411 .029 18.416 .017
2005na 2453785.60             19.078 .013 18.075 .012 18.247 .014 19.486 .027 18.508 .012
2005na 2453786.58             19.088 .014 18.083 .013 18.267 .014 19.537 .026 18.512 .017
2005na 2453788.57             19.120 .018 18.176 .012 18.369 .017 19.589 .047 18.567 .016
2005na 2453795.59             19.203 .014 18.339 .012 18.644 .015 19.598 .029 18.728 .018
2005na 2453798.61             19.302 .019 18.493 .016 18.694 .020             18.827 .019
2005na 2453805.51             19.365 .026 18.672 .017 18.905 .025 19.797 .043 18.941 .026
2005na 2453818.50             19.613 .024 19.104 .018 19.479 .032 19.996 .042 19.256 .017
2005na 2453834.53                         19.527 .032 19.935 .044 20.276 .070 19.595 .038
2006D  2453751.83 15.265 .013 14.664 .007 14.639 .007 14.822 .008 14.754 .006 14.702 .006
2006D  2453752.86 15.118 .016 14.502 .004 14.473 .004 14.685 .005 14.606 .005 14.550 .005
2006D  2453754.76 15.017 .013 14.317 .005 14.294 .005 14.574 .005 14.421 .006 14.343 .006
2006D  2453760.79 15.299 .010 14.263 .009 14.203 .009 14.841 .007 14.406 .006 14.207 .006
2006D  2453761.80 15.420 .010 14.307 .005 14.225 .006 14.897 .006 14.475 .005 14.230 .005
2006D  2453762.80 15.532 .011 14.375 .009 14.284 .010 14.958 .008 14.562 .005 14.262 .006
2006D  2453763.80 15.634 .013 14.433 .006 14.339 .006 15.048 .008 14.652 .006 14.311 .006
2006D  2453764.84 15.791 .012 14.517 .008 14.435 .010 15.171 .008 14.761 .006 14.371 .006
2006D  2453765.82 15.919 .012 14.588 .006 14.515 .006 15.280 .009 14.864 .006 14.424 .006
2006D  2453767.85             14.760 .004 14.685 .004 15.474 .005 15.084 .004 14.570 .004
2006D  2453771.78             15.167 .004 14.907 .004 15.537 .006                     
2006D  2453772.81 16.954 .013 15.281 .004 14.933 .004 15.502 .006 15.730 .006 14.949 .004
2006D  2453773.72 17.076 .011 15.389 .004 14.967 .004 15.470 .005 15.842 .004 15.021 .004
2006D  2453774.83 17.236 .014 15.519 .005 14.986 .006 15.442 .008 15.982 .006 15.102 .006
2006D  2453778.88 17.690 .019 15.943 .006 15.110 .007 15.375 .008 16.433 .009 15.401 .007
2006D  2453781.74 17.925 .032 16.211 .009 15.253 .006 15.361 .009             15.585 .017
2006D  2453783.73 18.033 .037 16.362 .009 15.392 .009 15.431 .009             15.723 .010
2006D  2453785.83 18.084 .024 16.522 .007 15.574 .007 15.607 .011 16.970 .009 15.891 .007
2006D  2453786.89 18.147 .034 16.585 .009 15.670 .007 15.692 .010 17.030 .010 15.971 .006
2006D  2453788.87             16.694 .007 15.828 .008 15.879 .009 17.142 .007 16.120 .008
2006D  2453790.81 18.358 .022 16.797 .008 15.950 .006 16.003 .007 17.225 .009 16.210 .008
2006D  2453795.84 18.552 .027 16.960 .006 16.216 .006 16.308 .007 17.430 .011 16.432 .007
2006D  2453798.81 18.542 .048 17.046 .007 16.335 .008 16.444 .010 17.483 .010 16.523 .008
2006D  2453799.81 18.648 .028 17.078 .006 16.383 .007 16.501 .007 17.490 .010 16.565 .007
2006D  2453802.81 18.730 .027 17.148 .008 16.500 .008 16.645 .011 17.558 .011 16.665 .009
2006D  2453804.85 18.714 .033 17.190 .006 16.580 .006 16.729 .009 17.613 .011 16.713 .008
2006D  2453805.80 18.752 .029 17.210 .007 16.613 .007 16.786 .008 17.625 .011 16.745 .008
2006D  2453809.75             17.279 .013 16.755 .012 16.926 .014 17.683 .021 16.849 .014
2006D  2453815.74 18.962 .033 17.416 .009 16.976 .008 17.190 .011 17.803 .014 17.011 .009
2006D  2453818.81 19.096 .026 17.464 .009 17.086 .009 17.300 .012 17.852 .014 17.110 .009
2006D  2453819.80 19.093 .021 17.490 .008 17.114 .009 17.354 .010 17.896 .011 17.136 .009
2006D  2453824.77 19.215 .026 17.585 .007 17.302 .007 17.546 .009 17.957 .009 17.281 .007
2006D  2453828.84 19.356 .023 17.650 .004 17.470 .004 17.684 .005 18.047 .006 17.387 .004
2006D  2453831.73 19.438 .027 17.701 .007 17.559 .011 17.794 .014 18.103 .011 17.467 .009
2006D  2453835.74 19.543 .048 17.776 .010 17.706 .009 17.940 .013 18.159 .013 17.564 .010
2006D  2453840.67 19.616 .068 17.836 .011 17.875 .013 18.087 .019 18.252 .017 17.662 .014
2006D  2453845.68             17.938 .008 18.027 .009 18.222 .016 18.288 .013 17.804 .009
2006D  2453850.69             18.050 .010 18.228 .012 18.428 .016 18.393 .013 17.936 .012
2006D  2453858.62             18.193 .011 18.480 .014 18.662 .015 18.539 .015 18.145 .015
2006D  2453861.62             18.234 .010 18.532 .012 18.731 .019 18.588 .016 18.228 .010
2006D  2453862.69             18.283 .010 18.607 .013 18.768 .019 18.599 .016 18.249 .012
2006D  2453870.65             18.412 .017 18.859 .020 18.973 .028 18.758 .032 18.398 .018
2006X  2453775.67 18.509 .041 16.142 .004 14.796 .004 14.924 .005 16.690 .007 15.487 .005
2006X  2453778.85 17.777 .032 15.399 .006 14.194 .009 14.174 .006 15.895 .007 14.796 .006
2006X  2453780.87                                                 15.598 .009 14.514 .006
2006X  2453783.72 17.417 .030 14.892 .005 13.773 .005 13.835 .006 15.396 .007 14.263 .006
2006X  2453784.82 17.433 .024 14.851 .005 13.737 .006 13.820 .008 15.366 .007 14.207 .006
2006X  2453785.80 17.446 .023 14.818 .006 13.694 .007 13.852 .006 15.352 .008 14.171 .008
2006X  2453786.83 17.471 .016 14.800 .006 13.667 .006 13.879 .006 15.349 .006 14.138 .006
2006X  2453788.84 17.540 .015 14.806 .006 13.641 .006 13.920 .007 15.406 .007 14.111 .006
2006X  2453790.79 17.702 .015 14.843 .006 13.681 .006 13.963 .005 15.495 .007 14.113 .006
2006X  2453795.78 18.097 .018 15.086 .004 13.969 .006 14.314 .006 15.891 .006 14.326 .004
2006X  2453798.79 18.422 .021 15.312 .006 14.173 .007 14.496 .007 16.212 .007 14.544 .006
2006X  2453799.79 18.591 .025 15.390 .006 14.201 .006 14.501 .006 16.308 .006 14.609 .004
2006X  2453802.78 18.978 .030 15.620 .006 14.269 .006 14.438 .007 16.636 .008 14.776 .006
2006X  2453804.77 19.204 .040 15.792 .006 14.286 .006 14.353 .006 16.837 .008 14.863 .006
2006X  2453805.72 19.322 .057 15.857 .007 14.293 .006 14.325 .007 16.925 .011 14.911 .006
2006X  2453809.73 19.633 .175 16.170 .009 14.335 .006 14.217 .006 17.249 .023 15.094 .008
2006X  2453815.71 20.195 .076 16.718 .008 14.641 .006 14.313 .007 17.723 .014 15.481 .007
2006X  2453818.78 20.377 .083 16.932 .008 14.901 .005 14.547 .005 17.894 .015 15.712 .007
2006X  2453819.75 20.524 .049 16.987 .008 14.968 .006 14.626 .010 17.960 .013 15.777 .008
2006X  2453824.73 20.756 .124 17.147 .006 15.220 .005 14.921 .006 18.099 .013 15.981 .006
2006X  2453831.69 20.782 .079 17.291 .009 15.472 .007 15.238 .009 18.181 .014 16.206 .009
2006X  2453832.77 20.721 .104 17.311 .007 15.524 .005 15.279 .006 18.207 .013 16.235 .007
2006X  2453835.65 20.960 .184 17.359 .008 15.623 .006 15.386 .006 18.237 .016 16.319 .007
2006X  2453838.69             17.406 .014 15.735 .005 15.499 .005 18.260 .041 16.411 .008
2006X  2453841.72 21.396 .406 17.443 .009 15.824 .006 15.624 .006 18.335 .022 16.496 .009
2006X  2453845.65             17.497 .009 15.945 .006 15.741 .006 18.296 .014 16.560 .007
2006X  2453850.66             17.581 .007 16.119 .008 15.945 .008 18.360 .014 16.704 .006
2006X  2453853.65             17.631 .008 16.210 .007 16.051 .008 18.405 .013 16.795 .007
2006X  2453858.59             17.704 .009 16.372 .007 16.223 .007 18.486 .026 16.920 .009
2006X  2453862.66             17.755 .010 16.506 .007 16.352 .006 18.499 .021 17.018 .009
2006X  2453866.61             17.808 .011 16.615 .009 16.490 .008 18.480 .023 17.108 .009
2006X  2453870.63             17.877 .012 16.748 .007 16.629 .007 18.602 .034 17.217 .009
2006X  2453872.62             17.907 .009 16.810 .009 16.666 .009 18.604 .018 17.251 .010
2006X  2453886.56             18.136 .006 17.261 .004 17.115 .005 18.812 .009 17.614 .007
2006X  2453890.58             18.177 .010 17.367 .008 17.209 .009 18.892 .024 17.656 .010
2006X  2453891.58             18.203 .011 17.398 .008 17.255 .009 18.862 .025 17.693 .011
2006X  2453893.55             18.208 .007 17.457 .005 17.303 .006 18.922 .017 17.742 .007
2006X  2453894.56             18.246 .011 17.490 .008 17.344 .009 18.879 .027 17.767 .009
2006X  2453897.54             18.267 .009 17.576 .006 17.401 .007 18.942 .016 17.816 .007
2006X  2453898.55             18.296 .008 17.560 .006 17.410 .007 18.960 .016 17.837 .008
2006X  2453906.46                                                 19.130 .021 18.023 .013
2006ax 2453815.63 17.637 .017 16.655 .008 16.800 .010 17.075 .010 16.740 .009 16.752 .010
2006ax 2453816.77                                                 16.362 .008         
2006ax 2453818.68 16.321 .013 15.828 .007 15.986 .008 16.237 .010 15.880 .009 15.967 .008
2006ax 2453819.71 16.072 .014 15.637 .007 15.808 .008 16.068 .010 15.690 .009 15.783 .009
2006ax 2453821.60                                                 15.438 .006         
2006ax 2453823.66 15.612 .013 15.225 .006 15.407 .006 15.779 .008 15.287 .007 15.360 .007
2006ax 2453824.66 15.578 .011 15.162 .005 15.345 .006 15.772 .007 15.213 .006 15.287 .006
2006ax 2453828.51 15.641 .009 15.113 .003 15.259 .002 15.887 .003 15.188 .004 15.205 .002
2006ax 2453831.63 15.886 .014 15.189 .009 15.304 .009 16.001 .009 15.285 .008 15.255 .008
2006ax 2453832.64 16.017 .013 15.232 .004 15.343 .006 16.030 .008 15.335 .006 15.287 .006
2006ax 2453834.72 16.253 .013 15.347 .006 15.439 .006 16.155 .009 15.468 .007 15.365 .006
2006ax 2453835.57 16.331 .014 15.392 .006 15.480 .005 16.222 .006 15.534 .007 15.397 .006
2006ax 2453838.66 16.830 .038 15.602 .007 15.708 .006 16.493 .008 15.809 .011 15.567 .006
2006ax 2453840.62 16.978 .018 15.746 .006 15.841 .005 16.626 .008 15.980 .008 15.688 .007
2006ax 2453841.68 17.128 .013 15.838 .006 15.884 .006 16.675 .008 16.102 .007 15.740 .006
2006ax 2453845.56 17.663 .013 16.201 .006 16.018 .006 16.650 .007 16.530 .008 15.961 .006
2006ax 2453850.61 18.305 .017 16.653 .007 16.071 .006 16.522 .007 17.078 .007 16.251 .005
2006ax 2453858.56 18.906 .022 17.304 .006 16.354 .007 16.474 .008 17.726 .009 16.717 .009
2006ax 2453861.56 19.104 .029 17.481 .008 16.528 .007 16.616 .007 17.862 .012 16.884 .008
2006ax 2453866.55 19.219 .041 17.692 .011 16.831 .008 16.964 .011 18.066 .015 17.135 .009
2006ax 2453867.61 19.325 .052 17.752 .012 16.881 .009 17.012 .010 18.140 .020 17.193 .011
2006ax 2453870.56 19.382 .049 17.811 .010 17.016 .007 17.187 .008 18.191 .013 17.299 .010
2006ax 2453871.53 19.324 .035 17.848 .008 17.046 .007 17.227 .009 18.215 .013 17.327 .011
2006ax 2453872.53             17.859 .010 17.082 .010 17.287 .013 18.247 .013 17.360 .012
2006ax 2453890.55             18.209 .011 17.705 .009 18.009 .012 18.545 .016 17.842 .011
2006ax 2453891.49             18.194 .011 17.727 .011 18.023 .015 18.584 .020 17.862 .013
2006ax 2453892.50             18.221 .006 17.755 .004 18.059 .007 18.607 .011 17.880 .006
2006ax 2453898.51             18.332 .006 17.965 .005 18.268 .009 18.671 .010 18.044 .007
2006bh 2453828.90             14.681 .003 14.745 .004 15.022 .003 14.737 .004 14.768 .002
2006bh 2453829.89 14.937 .007 14.572 .003 14.646 .004 14.951 .004 14.635 .005 14.664 .003
2006bh 2453830.90 14.895 .007 14.479 .004 14.573 .002 14.951 .004 14.548 .004 14.581 .003
2006bh 2453831.90             14.422 .004 14.522 .004 14.985 .004 14.487 .004 14.522 .004
2006bh 2453832.91 14.909 .009 14.412 .004 14.502 .005 15.021 .007 14.454 .004 14.486 .003
2006bh 2453833.91 14.928 .009 14.380 .005 14.469 .005 15.071 .006 14.441 .005 14.465 .003
2006bh 2453835.92 15.093 .012                                     14.504 .006 14.473 .005
2006bh 2453838.87 15.392 .012 14.558 .004 14.574 .004 15.279 .004 14.676 .004 14.546 .004
2006bh 2453841.91 15.767 .009 14.773 .004 14.829 .004 15.615 .007 14.967 .005 14.703 .005
2006bh 2453845.87 16.392 .009 15.161 .003 15.121 .004 15.809 .005 15.464 .005 14.991 .004
2006bh 2453846.87 16.570 .009 15.268 .004 15.155 .004 15.800 .006 15.607 .006 15.056 .005
2006bh 2453850.85             15.722 .004 15.248 .004 15.686 .004 16.144 .007 15.340 .005
2006bh 2453853.91 17.618 .014 16.057 .006 15.322 .006 15.610 .008 16.499 .007 15.545 .006
2006bh 2453858.85 18.116 .035 16.552 .005 15.613 .004 15.690 .004 17.014 .028 15.951 .008
2006bh 2453861.86 18.265 .025 16.796 .005 15.871 .004 15.954 .005 17.225 .009 16.188 .005
2006bh 2453862.84 18.311 .025 16.872 .007 15.959 .005 16.038 .008 17.287 .009 16.276 .007
2006bh 2453866.83 18.455 .039 17.093 .009 16.225 .005 16.344 .008 17.472 .013 16.490 .009
2006bh 2453867.83 18.506 .041 17.109 .010 16.264 .008 16.401 .009 17.516 .015 16.537 .009
2006bh 2453870.84 18.620 .080 17.220 .011 16.396 .006 16.559 .008 17.584 .018 16.642 .009
2006bh 2453871.82             17.234 .009 16.447 .006 16.619 .008 17.616 .016 16.689 .008
2006bh 2453872.81 18.709 .042 17.257 .009 16.482 .009 16.670 .010 17.654 .014 16.724 .009
2006bh 2453886.81 19.058 .017 17.558 .004 17.004 .004 17.299 .005 17.943 .006 17.142 .005
2006bh 2453891.78 19.178 .052 17.642 .007 17.191 .007 17.490 .013 18.000 .014 17.283 .008
2006bh 2453892.79 19.252 .035 17.664 .004 17.222 .004 17.527 .005 18.015 .007 17.309 .005
2006bh 2453893.80 19.287 .030 17.680 .004 17.264 .004 17.575 .006 18.042 .007 17.341 .004
2006eq 2453981.62 20.210 .120 18.612 .013 18.282 .011 18.647 .018 18.852 .021 18.450 .016
2006eq 2453983.52 19.936 .254 18.749 .070 18.306 .022 18.610 .037 19.005 .056 18.513 .054
2006eq 2453986.61             19.043 .040 18.466 .022 18.905 .036 19.466 .082 18.707 .038
2006eq 2453988.55                         18.580 .016 19.048 .021 19.720 .040 18.852 .018
2006eq 2453991.60 21.356 .248 19.778 .021 18.783 .015 19.025 .025 20.224 .038 19.144 .018
2006eq 2453994.53 21.460 .227 20.173 .021 18.948 .013 19.015 .020 20.543 .038 19.476 .020
2006eq 2453998.51             20.357 .050 19.210 .028 19.102 .037 21.073 .104 19.756 .036
2006eq 2454001.49 22.275 .186 20.788 .031 19.413 .019 19.258 .026 21.306 .059 20.043 .034
2006eq 2454003.50 22.685 .248 20.962 .029 19.589 .020 19.411 .028 21.340 .107 20.215 .034
2006eq 2454007.52             21.161 .054 19.924 .024 19.790 .040 21.586 .086 20.503 .051
2006eq 2454008.49             21.161 .047 19.931 .028 19.839 .038 21.491 .111         
2006eq 2454013.49             21.516 .245 20.325 .113 20.053 .104             20.624 .227
2006eq 2454014.59             21.284 .177 20.192 .104 20.085 .127             20.545 .267
2006eq 2454018.50             21.565 .054 20.401 .041 20.442 .057 21.664 .092 20.852 .056
2006eq 2454022.50                                                             20.977 .049
2006eq 2454023.49             21.498 .075 20.476 .028 20.515 .056 21.721 .060         
2006eq 2454024.48             21.523 .187 20.566 .039 20.560 .043 21.708 .098 21.108 .053
2006eq 2454029.49             21.628 .056 20.733 .048 20.876 .086             21.002 .159
2006eq 2454042.55                         21.023 .145 21.122 .180                     
2006gt 2454001.66 19.048 .036 18.233 .011 18.224 .015 18.355 .014 18.420 .014 18.221 .013
2006gt 2454003.67 19.278 .046 18.171 .011 18.121 .013 18.355 .015 18.389 .014 18.110 .012
2006gt 2454007.70 19.881 .059 18.332 .009 18.108 .009 18.463 .014 18.642 .015 18.149 .013
2006gt 2454008.66 19.932 .053 18.428 .013 18.126 .009 18.515 .016 18.764 .018 18.194 .013
2006gt 2454018.73 21.423 .373 19.786 .040 18.733 .018 18.840 .025 20.389 .098 19.158 .028
2006gt 2454024.66             20.328 .012 19.151 .008 19.043 .012 20.850 .018 19.625 .012
2006gt 2454028.67             20.600 .030 19.444 .022 19.360 .027 21.091 .046 19.866 .023
2006gt 2454036.65             20.911 .046 19.942 .028 20.001 .042 21.220 .059 20.313 .038
2006gt 2454039.63             21.066 .085 20.098 .040 20.033 .040             20.494 .076
2006gt 2454046.61             21.326 .169 20.299 .063 20.447 .101 21.526 .237 20.534 .132
2006gt 2454052.63             21.418 .047 20.513 .041 20.655 .053 21.702 .082 20.761 .051
2006gt 2454056.64                         20.759 .061 20.723 .110 21.576 .088 20.786 .075
2006gt 2454066.56             21.741 .093 21.032 .093 21.270 .098 21.876 .116 21.043 .073
2006mr 2454046.67 16.835 .021 15.807 .007 15.473 .007 15.473 .008 16.058 .011 15.559 .011
2006mr 2454048.80 16.645 .021 15.271 .005 14.881 .004 14.950 .006 15.577 .006 15.001 .006
2006mr 2454049.77 16.681 .020 15.121 .011 14.702 .013 14.808 .011 15.461 .012 14.833 .014
2006mr 2454052.74 17.114 .023 15.067 .012 14.411 .016 14.538 .013 15.517 .012 14.624 .010
2006mr 2454056.73 18.045 .032 15.649 .006 14.497 .008 14.529 .008 16.223 .009 14.928 .006
2006mr 2454060.76 18.598 .052 16.256 .014 14.901 .014 14.819 .015 16.840 .025 15.429 .024
2006mr 2454065.75 18.748 .051 16.671 .016 15.471 .011 15.321 .013 17.222 .027 15.917 .022
2006mr 2454066.81 18.850 .042 16.712 .012 15.572 .009 15.431 .009 17.268 .029 15.998 .015
2006mr 2454068.75 18.830 .051 16.832 .016 15.723 .016 15.560 .014 17.398 .027 16.116 .021
2006mr 2454071.66 18.917 .053 16.964 .014 15.964 .013 15.815 .018 17.527 .025 16.311 .019
2006mr 2454073.71 19.069 .074 17.038 .011 16.111 .009 15.943 .012 17.598 .019 16.435 .013
2006mr 2454076.71 19.057 .066 17.158 .010 16.309 .009 16.147 .016 17.715 .022 16.587 .016
2006mr 2454080.76 19.156 .058 17.280 .012 16.569 .011 16.382 .011 17.829 .022 16.793 .014
2006mr 2454084.66 19.325 .063 17.487 .023 16.822 .013 16.575 .012 17.957 .043 16.958 .021
2006mr 2454087.62 19.471 .098 17.551 .031 16.973 .026 16.711 .025 18.050 .044 17.059 .044
2006mr 2454092.66 19.521 .081 17.804 .046 17.260 .029 16.959 .028 18.211 .061 17.276 .043
2006mr 2454096.65 19.710 .073 17.887 .019 17.580 .029 17.072 .021 18.317 .039 17.453 .029
2006mr 2454099.61 19.977 .118 17.972 .015 17.698 .018 17.180 .018 18.411 .024 17.591 .016
2006mr 2454100.63 19.764 .114 17.923 .013 17.760 .021 17.240 .013 18.436 .040 17.593 .033
2006mr 2454104.71             18.066 .018 17.987 .024 17.355 .022 18.452 .033 17.716 .020
2006mr 2454106.64             18.110 .016 18.118 .024 17.429 .021 18.581 .030 17.804 .022
2006mr 2454108.64             18.221 .026 18.182 .037 17.497 .035 18.640 .065 17.886 .051
2006mr 2454110.59             18.247 .029 18.316 .062 17.556 .033 18.715 .080 18.035 .063
2006mr 2454118.67             18.547 .025 18.923 .063 17.722 .037 18.816 .039 18.280 .032
2006mr 2454123.62             18.664 .027 18.919 .055 17.878 .038 19.089 .048 18.481 .058
2006mr 2454127.68             18.870 .033 19.079 .109             19.204 .045 18.705 .057
2006mr 2454130.56             18.938 .033 19.418 .084 18.109 .039 19.485 .178 18.852 .060
2006mr 2454133.59             18.936 .035 19.637 .095 18.187 .039 19.373 .067 18.913 .068
2006mr 2454136.62             19.101 .034 19.566 .079 18.258 .044             18.945 .056
2006mr 2454143.55             19.448 .065 19.952 .114 18.493 .058 19.663 .102 19.221 .131
2006mr 2454147.56             19.749 .069 20.198 .127 18.731 .061 19.915 .084 19.424 .087
2006py 2454069.52 18.605 .038 18.004 .012 17.989 .013 18.456 .024 18.150 .018 18.002 .018
2006py 2454073.51 18.860 .065 17.995 .016 17.966 .015 18.443 .035 18.152 .031 18.061 .034
2006py 2454075.55 19.088 .076 18.118 .011 17.995 .012 18.454 .022 18.252 .024 18.052 .016
2006py 2454080.52             18.394 .009 18.193 .010 18.836 .020 18.556 .017 18.215 .023
2006py 2454084.52 20.138 .185 18.642 .083 18.433 .021 19.087 .051 19.042 .024 18.533 .019
2006py 2454087.53 20.798 .222 18.958 .030 18.576 .015 19.128 .031 19.436 .029 18.687 .014
2006py 2454091.52                         18.646 .019 19.049 .035 19.787 .182 18.743 .103
