2004ef 2453269.68 17.606 .031 17.958 .048 18.013 .094 17.515 .114 DUP
2004ef 2453277.62 17.769 .014 18.710 .049 17.793 .040 17.391 .088 DUP
2004ef 2453281.58 17.518 .011 18.425 .023 17.709 .023 17.294 .040 DUP
2004ef 2453328.56 19.095 .038             19.553 .177             DUP
2004eo 2453269.58 16.459 .018 16.058 .007 16.128 .044 16.117 .052 DUP
2004eo 2453270.55 16.210 .017 15.912 .028 16.041 .021 15.899 .012 DUP
2004eo 2453271.49 16.058 .006 15.754 .018 15.910 .009 15.757 .025 DUP
2004eo 2453272.50 15.961 .006 15.653 .013 15.798 .027 15.648 .011 DUP
2004eo 2453277.51 15.958 .007 15.585 .005 15.838 .018 15.553 .010 DUP
2004eo 2453281.50 16.276 .006 15.858 .012 16.050 .029 15.713 .012 DUP
2004eo 2453301.51 15.844 .005 16.668 .012 15.897 .012 15.728 .018 DUP
2004eo 2453306.53 15.704 .008 16.473 .011 15.957 .019 15.926 .014 DUP
2004eo 2453338.52             18.951 .154 17.578 .053             DUP
2004ey 2453300.57             15.512 .024                         DUP
2004ey 2453301.61 15.679 .006 15.497 .006 15.743 .014 15.536 .012 DUP
2004ey 2453306.60 16.134 .008 15.786 .007 16.032 .021 15.675 .035 DUP
2004ey 2453311.51 16.455 .018 16.272 .009 16.165 .010 15.730 .013 DUP
2004ey 2453327.56 16.026 .010 17.086 .020 15.968 .010 15.741 .017 DUP
2004ey 2453338.54 15.529 .010 16.645 .010 15.986 .022 15.987 .031 DUP
2004ey 2453342.52             16.992 .013 16.262 .015 16.233 .033 DUP
2004ey 2453350.53 16.153 .016 17.545 .016 16.682 .025 16.667 .039 BAA
2004ey 2453356.53 16.494 .020 18.100 .021 17.162 .022 17.174 .031 BAA
2004ey 2453358.55                         17.104 .039             DUP
2004gs 2453362.76 17.649 .014 17.900 .016                         DUP
2004gs 2453363.80 17.681 .015 17.975 .039 17.667 .039             DUP
2004gs 2453366.77 17.667 .015 18.307 .018 17.812 .028             DUP
2004gs 2453374.75 17.337 .013 18.229 .024 17.554 .034             DUP
2004gs 2453375.75 17.277 .022 18.197 .029 17.530 .034             DUP
2004gs 2453378.78 17.163 .021 18.104 .032 17.716 .043             BAA
2004gs 2453385.75 17.507 .013 18.588 .027 18.128 .034             DUP
2004gs 2453388.73 17.724 .013 18.870 .036 18.391 .050             DUP
2004gs 2453390.76 17.880 .022 19.026 .032 18.500 .053             BAA
2004gs 2453393.76 18.019 .020                                     DUP
2004gs 2453404.69 18.592 .020 20.175 .080 19.234 .129             DUP
2004gs 2453413.65 18.995 .032 20.387 .128 19.586 .092             BAA
2004gu 2453374.86 18.597 .035 19.042 .038                         DUP
2004gu 2453378.85 18.582 .043 19.269 .063 19.110 .129             BAA
2004gu 2453386.83 18.206 .016 19.256 .051 18.470 .031             DUP
2004gu 2453392.87 17.962 .037 19.107 .039 18.118 .038             BAA
2004gu 2453398.85 17.688 .024 18.590 .029 18.364 .032             DUP
2004gu 2453405.88 17.905 .037 18.916 .037 18.772 .051             BAA
2004gu 2453413.88 18.393 .037             18.844 .105             BAA
2004gu 2453424.87 18.918 .034 20.232 .112 19.482 .113             BAA
2005A  2453385.54 17.036 .012 16.881 .023 16.748 .015             DUP
2005A  2453386.58 17.100 .012 17.043 .011 16.786 .014             DUP
2005A  2453387.59 17.105 .017 17.229 .011 16.792 .022             DUP
2005A  2453389.54 17.145 .015 17.646 .018 16.868 .020             DUP
2005A  2453398.55 16.631 .016 17.550 .016 16.521 .011             DUP
2005A  2453399.61 16.533 .020 17.595 .013                         BAA
2005A  2453404.57 16.167 .012 17.104 .025 16.351 .027             DUP
2005A  2453418.54 16.587 .021 17.742 .033 16.916 .019             BAA
2005A  2453422.54             17.971 .028 17.109 .090             DUP
2005A  2453430.51 17.250 .014 18.646 .029 17.608 .031             BAA
2005A  2453433.51 17.383 .016             17.751 .034             DUP
2005M  2453397.73 16.697 .013 16.606 .015 16.734 .020 16.382 .046 DUP
2005M  2453398.71 16.626 .017 16.591 .008 16.727 .011 16.430 .031 DUP
2005M  2453399.69 16.611 .075 16.379 .059                         BAA
2005M  2453404.74 16.580 .013 16.457 .010 16.713 .009 16.410 .022 DUP
2005M  2453405.74 16.529 .073 16.354 .049 16.751 .096             BAA
2005M  2453413.67 17.167 .117 17.331 .123                         BAA
2005M  2453418.67 17.240 .020 17.747 .032 17.132 .017 16.535 .042 DUP
2005M  2453422.67 17.174 .042 17.889 .029 16.950 .031 16.500 .052 DUP
2005M  2453426.70 16.870 .015 17.797 .022 16.926 .014 16.625 .029 DUP
2005M  2453427.68 16.828 .013 17.741 .019 16.928 .011 16.629 .026 DUP
2005M  2453428.62 16.779 .025 17.560 .015 16.868 .024 16.554 .010 DUP
2005M  2453430.54 16.632 .091 17.685 .162                         BAA
2005M  2453433.62 16.617 .021 17.709 .018 16.850 .014 16.652 .026 DUP
2005M  2453454.62 16.931 .012 18.322 .018 17.562 .017 17.578 .039 DUP
2005M  2453455.56 16.977 .012 18.352 .061 17.580 .068 17.624 .040 DUP
2005M  2453456.60 17.047 .019 18.441 .019 17.649 .018             DUP
2005M  2453461.64 17.308 .015 18.846 .040                         DUP
2005M  2453462.56                         18.161 .039 17.963 .058 DUP
2005ag 2453418.86 19.328 .048 19.611 .089 19.193 .053             DUP
2005ag 2453422.86 19.437 .074 20.081 .101 19.425 .256             DUP
2005ag 2453424.90 19.566 .039 20.083 .080 19.417 .103             BAA
2005ag 2453426.89 19.649 .038 20.589 .096 19.571 .144             DUP
2005ag 2453427.86 19.582 .038 20.427 .089 19.932 .102             DUP
2005ag 2453430.85 19.493 .069 20.436 .163 20.116 .236             BAA
2005ag 2453444.87 18.953 .032 19.949 .101 19.527 .111             BAA
2005ag 2453447.82 18.915 .041 19.814 .078 19.623 .115             BAA
2005ag 2453450.85 18.990 .034 19.507 .046 19.261 .067             BAA
2005al 2453433.85 16.194 .021 15.957 .015 16.043 .008 15.821 .012 DUP
2005al 2453444.84 16.504 .010 17.437 .013 16.095 .050 16.062 .027 BAA
2005al 2453447.80 16.267 .009 17.245 .013 16.130 .010 15.956 .016 BAA
2005al 2453450.82 16.151 .020 17.134 .030 16.060 .019 15.788 .024 BAA
2005al 2453454.84             16.592 .007 15.889 .009             DUP
2005al 2453455.83 15.569 .005 16.550 .012 15.939 .007 15.953 .012 DUP
2005al 2453456.83 15.557 .005 16.565 .016 15.965 .006 16.037 .010 DUP
2005al 2453462.75 15.882 .005 17.100 .007 16.386 .007 16.485 .015 DUP
2005am 2453433.69 14.157 .005 14.004 .012 14.214 .003 14.105 .015 DUP
2005am 2453454.57 14.275 .005 15.236 .005 14.351 .004 14.300 .010 DUP
2005am 2453455.50 14.204 .004 15.162 .005 14.341 .003 14.316 .007 DUP
2005am 2453456.49 14.111 .004 15.061 .004 14.319 .007 14.313 .003 DUP
2005am 2453461.57 14.082 .005 15.111 .004 14.575 .018 14.680 .006 DUP
2005am 2453462.50 14.152 .006 15.237 .005 14.700 .004 14.794 .015 DUP
2005el 2453640.83 15.622 .006 15.602 .019 15.687 .014             SWO
2005el 2453641.88             15.492 .007 15.616 .009 15.572 .015 BAA
2005el 2453643.82 15.526 .012 15.492 .009 15.682 .018             SWO
2005el 2453648.81 16.016 .013 15.831 .029 15.942 .057             SWO
2005el 2453653.80 16.493 .011 16.662 .006 16.268 .008 15.936 .011 DUP
2005el 2453656.86 16.573 .012 17.361 .062                         SWO
2005el 2453657.79 16.569 .012 17.298 .034 16.363 .030             SWO
2005el 2453660.85 16.455 .011 17.326 .039 16.261 .050             SWO
2005el 2453664.85 16.135 .017 17.147 .032                         SWO
2005el 2453668.82 15.758 .016 16.811 .031 15.897 .022             SWO
2005el 2453670.85 15.609 .018 16.654 .029                         SWO
2005el 2453672.85 15.578 .008 16.636 .036                         SWO
2005el 2453676.86 15.774 .011 17.010 .053                         SWO
2005el 2453677.86             17.184 .031 16.332 .088             SWO
2005el 2453679.80 15.969 .010 17.467 .095                         SWO
2005el 2453680.81 16.043 .009 17.399 .052 16.643 .055             SWO
2005el 2453681.82 16.125 .005 17.462 .013 16.585 .016 16.646 .032 DUP
2005el 2453686.84 16.432 .014             16.839 .049             SWO
2005el 2453688.83 16.527 .028 18.231 .091                         SWO
2005el 2453697.79 17.107 .022 18.865 .149 17.490 .110             SWO
2005el 2453701.76 17.325 .030 18.920 .156                         SWO
2005el 2453710.77 17.801 .033 19.789 .402 18.426 .350             SWO
2005el 2453715.69 18.031 .033 19.785 .461 18.479 .190             SWO
2005eq 2453647.84 16.902 .018 16.808 .035                         SWO
2005eq 2453648.71 16.902 .023 16.815 .026 17.021 .028             SWO
2005eq 2453653.76 17.221 .024 16.913 .024 17.174 .029 16.512 .027 DUP
2005eq 2453656.74 17.375 .019 17.065 .034 17.313 .042             SWO
2005eq 2453660.73 17.651 .022 17.272 .030 17.388 .061             SWO
2005eq 2453664.70 17.773 .017 17.870 .043 17.499 .052             SWO
2005eq 2453668.76 17.781 .025 18.265 .078 17.708 .071             SWO
2005eq 2453672.79 17.571 .032 18.352 .098 17.616 .077             SWO
2005eq 2453677.79 17.277 .020 18.260 .090 17.292 .077             SWO
2005eq 2453680.76 17.103 .028 18.348 .100 17.257 .067             SWO
2005eq 2453686.79 16.926 .026 17.934 .057                         SWO
2005eq 2453692.71 16.780 .014 17.844 .089 17.350 .054             SWO
2005eq 2453701.69 17.276 .022 18.573 .086                         SWO
2005eq 2453705.68 17.530 .043 18.644 .088                         SWO
2005eq 2453710.69 17.712 .051 18.808 .141                         SWO
2005hc 2453661.69 17.786 .036 17.797 .066 17.785 .116             SWO
2005hc 2453664.64 17.886 .034 17.857 .042 18.051 .117             SWO
2005hc 2453668.63 18.116 .036 18.013 .053 17.999 .091             SWO
2005hc 2453670.67 18.231 .048 18.126 .060                         SWO
2005hc 2453672.73 18.400 .078 18.415 .091 18.555 .264             SWO
2005hc 2453674.76 18.466 .060 18.837 .165 18.525 .177             SWO
2005hc 2453676.74 18.516 .085             18.389 .232             SWO
2005hc 2453678.62 18.479 .084                                     SWO
2005hc 2453685.70 18.388 .049 19.035 .141 18.421 .171             SWO
2005hc 2453692.64 18.173 .043 18.914 .152 18.389 .210             SWO
2005hc 2453696.70 18.058 .038 18.885 .118 18.056 .142             SWO
2005hc 2453704.61 17.812 .035 18.491 .098                         SWO
2005hc 2453710.64 18.136 .067 19.099 .209                         SWO
2005iq 2453685.57 17.224 .021 17.292 .045 17.363 .067             SWO
2005iq 2453686.61 17.283 .022 17.280 .036 17.489 .078             SWO
2005iq 2453688.60 17.464 .027 17.389 .034 17.820 .082             SWO
2005iq 2453692.55 17.759 .057 17.963 .072 17.956 .150             SWO
2005iq 2453696.59 18.042 .034 18.524 .109 18.030 .166             SWO
2005iq 2453700.64 18.149 .046 18.943 .219 17.964 .164             SWO
2005iq 2453705.62 17.863 .032 18.841 .199 18.256 .258             SWO
2005iq 2453710.55 17.607 .037 18.678 .128 17.900 .097             SWO
2005iq 2453715.59 17.396 .032 18.689 .113 17.905 .130             SWO
2005iq 2453718.56 17.469 .022             18.203 .178             SWO
2005iq 2453721.57             18.741 .056 18.223 .060 18.011 .099 DUP
2005iq 2453732.58 18.320 .044 19.647 .429                         SWO
2005kc 2453688.55 16.107 .015 15.964 .027 16.016 .024             SWO
2005kc 2453691.56 15.717 .011 15.568 .015 15.719 .022             SWO
2005kc 2453693.56 15.593 .025 15.447 .015 15.599 .030             SWO
2005kc 2453696.51 15.682 .019 15.496 .013 15.700 .016             SWO
2005kc 2453701.56 16.090 .015 15.828 .023 15.962 .028             SWO
2005kc 2453705.51 16.327 .016 16.360 .023 16.104 .024             SWO
2005kc 2453710.51 16.351 .016 17.004 .060 16.096 .032             SWO
2005kc 2453714.53 16.139 .014 16.893 .043 15.937 .031             SWO
2005kc 2453718.52 15.900 .011 16.840 .039                         SWO
2005ke 2453691.77 15.058 .023 15.059 .061 14.940 .048             SWO
2005ke 2453692.77 14.858 .009 14.796 .011 14.727 .010             SWO
2005ke 2453693.75 14.682 .022 14.610 .014 14.530 .008             SWO
2005ke 2453696.76 14.262 .012 14.187 .010 14.120 .008             SWO
2005ke 2453697.69 14.155 .013 14.109 .007 14.047 .012             SWO
2005ke 2453700.74 14.030 .011 14.005 .009 13.948 .006             SWO
2005ke 2453701.73 14.068 .020 14.027 .011 13.956 .009             SWO
2005ke 2453704.72 14.079 .027 14.231 .013 13.968 .019             SWO
2005ke 2453705.73 14.120 .017 14.241 .015 14.030 .010             SWO
2005ke 2453709.71 14.118 .010 14.583 .025 14.070 .013             SWO
2005ke 2453710.73 14.113 .014 14.641 .013 14.138 .013             SWO
2005ke 2453714.64 14.202 .014 14.896 .012 14.355 .011             SWO
2005ke 2453715.65 14.224 .010 14.934 .019 14.399 .013             SWO
2005ke 2453717.65 14.278 .010 15.060 .018 14.541 .008             SWO
2005ke 2453718.70 14.314 .011 15.106 .011 14.640 .008             SWO
2005ke 2453721.63 14.497 .014 15.453 .006 14.934 .005 15.148 .013 DUP
2005ke 2453724.61 14.682 .017 15.772 .032 15.163 .013             SWO
2005ke 2453727.71 14.929 .016                                     SWO
2005ke 2453731.67 15.182 .028 16.572 .021 15.604 .016             SWO
2005ke 2453743.61 15.838 .006 17.560 .013 16.305 .008             DUP
2005ke 2453750.64 16.192 .005 18.115 .017 16.669 .029 16.922 .035 DUP
2005ke 2453753.57 16.265 .013 18.546 .205 16.701 .069 17.087 .203 BAA
2005ke 2453755.59 16.314 .014             16.785 .077 17.189 .220 BAA
2005ke 2453756.64 16.470 .006 18.499 .055 16.966 .028 17.365 .057 DUP
2005ke 2453757.60 16.417 .016 18.452 .161 16.958 .098 17.075 .202 BAA
2005ke 2453773.59 17.119 .010 19.400 .065 17.725 .033             DUP
2005ke 2453776.57 17.179 .041 19.168 .174 17.844 .102             SWO
2005ke 2453784.51 17.429 .027 19.694 .117 18.280 .065 18.601 .153 DUP
2005ke 2453786.52 17.527 .010 19.660 .084 18.216 .056             DUP
2005ke 2453789.51 17.537 .023 19.451 .181 18.002 .289             SWO
2005ki 2453696.84 16.702 .015 16.656 .021                         SWO
2005ki 2453697.87                         16.494 .053             SWO
2005ki 2453701.84 16.139 .010 16.092 .016 16.205 .028             SWO
2005ki 2453704.87 16.305 .021                                     SWO
2005ki 2453705.88             16.277 .031                         SWO
2005ki 2453708.82 16.691 .014 16.606 .049 16.667 .037             SWO
2005ki 2453709.82 16.754 .015 16.698 .021 16.717 .044             SWO
2005ki 2453714.84 17.068 .016 17.726 .037 17.021 .047             SWO
2005ki 2453715.83 17.115 .025 17.829 .044 16.954 .040             SWO
2005ki 2453717.86                         17.026 .041             SWO
2005ki 2453719.85 16.924 .017             16.897 .040             SWO
2005ki 2453724.85 16.507 .016 17.560 .046                         SWO
2005ki 2453732.85 16.204 .012 17.359 .043                         SWO
2005ki 2453750.84 17.364 .010 18.912 .050 17.783 .023             DUP
2005ki 2453756.81 17.743 .018 19.444 .082 18.053 .047             DUP
2005na 2453753.63 17.671 .013 18.383 .032 17.617 .033             BAA
2005na 2453754.65 17.620 .013 18.390 .025 17.603 .029             BAA
2005na 2453755.64 17.581 .015 18.456 .034 17.582 .044             BAA
2005na 2453756.69 17.576 .018 18.363 .029 17.347 .032             DUP
2005na 2453757.65 17.446 .014 18.398 .034 17.368 .036             BAA
2005na 2453773.64 16.609 .008 17.549 .016 16.931 .043             DUP
2005na 2453782.58 17.053 .041             17.532 .099             SWO
2005na 2453783.56 17.178 .008 18.455 .028 17.576 .022             BAA
2005na 2453784.58 17.182 .010 18.417 .025 17.612 .052             DUP
2005na 2453785.58 17.249 .009 18.512 .028                         DUP
2005na 2453787.58 17.375 .020 18.731 .037 17.674 .029             DUP
2005na 2453789.60 17.387 .049                                     SWO
2005na 2453797.55 17.736 .050             18.073 .218             SWO
2005na 2453805.53 18.325 .016 19.763 .068 18.622 .055             BAA
2006D  2453753.87 14.459 .006 14.395 .006 14.533 .007 14.538 .015 BAA
2006D  2453756.87 14.565 .006 14.421 .007 14.597 .008 14.532 .015 BAA
2006D  2453758.87 14.764 .005 14.622 .005 14.850 .007 14.665 .014 BAA
2006D  2453773.85 15.233 .013 16.121 .006 14.944 .005 14.922 .010 DUP
2006D  2453776.86 14.994 .010 16.041 .026 14.902 .013             SWO
2006D  2453779.89 14.833 .015 15.919 .025 14.892 .020             SWO
2006D  2453782.86 14.683 .012 15.836 .023                         SWO
2006D  2453786.87 14.808 .004 15.959 .005 15.240 .005             DUP
2006D  2453789.84 15.000 .010 16.338 .019 15.477 .042             SWO
2006D  2453796.85 15.446 .013 16.991 .021 15.890 .018             SWO
2006D  2453800.86 15.704 .011             16.076 .021             SWO
2006D  2453803.88 15.872 .021 17.622 .073 16.292 .043             SWO
2006D  2453807.78 16.128 .018 17.838 .070 16.461 .037             SWO
2006D  2453813.79 16.437 .019 18.211 .051 16.689 .029             SWO
2006D  2453817.86 16.656 .018 18.579 .104 16.992 .083             SWO
2006D  2453835.77 17.537 .013 19.646 .075 17.790 .029 17.713 .061 DUP
2006D  2453845.72 17.944 .017 19.909 .094 18.381 .052 17.868 .126 DUP
2006X  2453776.83 13.510 .008 13.306 .009 13.286 .007             SWO
2006X  2453777.83 13.355 .007 13.140 .008 13.176 .008             SWO
2006X  2453779.85 13.175 .010 12.925 .012 13.038 .009             SWO
2006X  2453782.84 13.145 .012 12.850 .010 12.983 .007             SWO
2006X  2453784.83 13.268 .011 12.898 .012 13.053 .016 12.794 .009 DUP
2006X  2453786.83 13.415 .024 13.009 .023 13.160 .003 12.818 .007 DUP
2006X  2453787.83 13.533 .017 13.098 .006 13.174 .004 12.841 .015 DUP
2006X  2453788.81 13.591 .012 13.191 .020 13.221 .007 12.843 .008 DUP
2006X  2453789.81 13.619 .012 13.231 .010 13.229 .012             SWO
2006X  2453796.82 13.920 .010 14.359 .014 13.404 .010             SWO
2006X  2453797.81 13.906 .013 14.503 .017 13.411 .012             SWO
2006X  2453800.82 13.775 .010 14.551 .014 13.301 .011             SWO
2006X  2453803.79 13.545 .015 14.441 .014 13.194 .013             SWO
2006X  2453807.75 13.256 .008 14.256 .013 13.048 .007             SWO
2006X  2453808.80 13.183 .010 14.207 .013 13.002 .008             SWO
2006X  2453810.76 13.018 .009 14.044 .014 12.972 .009             SWO
2006X  2453813.75 12.813 .009 13.794 .013 12.982 .009             SWO
2006X  2453817.82 12.852 .014 13.868 .011 13.158 .009             SWO
2006X  2453820.73 13.052 .012 14.125 .010 13.397 .012             SWO
2006X  2453826.77 13.403 .009 14.678 .014 13.677 .009             SWO
2006X  2453829.73 13.569 .010 14.883 .013 13.817 .011             SWO
2006X  2453830.73 13.630 .011 14.995 .021 13.868 .013             SWO
2006X  2453833.75 13.774 .032 15.203 .050 14.032 .011 14.025 .009 DUP
2006X  2453835.66 13.890 .027 15.356 .006 14.116 .027 14.090 .021 DUP
2006X  2453839.67 14.136 .012 15.575 .030 14.222 .014             SWO
2006X  2453843.70 14.367 .023 15.921 .010 14.474 .016 14.425 .010 DUP
2006X  2453845.67 14.475 .032 16.054 .008 14.574 .005 14.481 .028 DUP
2006X  2453846.68 14.556 .004 16.100 .008 14.591 .005 14.536 .011 DUP
2006X  2453848.71 14.639 .016 16.122 .053 14.642 .020             SWO
2006X  2453851.66 14.798 .015 16.301 .051 14.773 .022             SWO
2006X  2453859.61 15.208 .015 16.700 .075 15.061 .042             SWO
2006X  2453860.64             16.885 .051                         SWO
2006X  2453868.61 15.629 .022 17.283 .051 15.502 .027             SWO
2006ax 2453817.77 16.268 .019 16.233 .044 16.354 .023             SWO
2006ax 2453820.82 15.865 .012 15.817 .016                         SWO
2006ax 2453822.71 15.781 .015 15.700 .018 15.884 .029             SWO
2006ax 2453826.63 15.889 .017 15.772 .010 15.974 .018             SWO
2006ax 2453829.65 16.198 .013 15.955 .019 16.177 .026             SWO
2006ax 2453830.62 16.285 .013 16.045 .026 16.166 .023             SWO
2006ax 2453833.63 16.558 .008 16.374 .007 16.371 .008 15.968 .015 DUP
2006ax 2453835.56 16.666 .008 16.640 .008 16.446 .018 16.060 .016 DUP
2006ax 2453837.71 16.697 .018 16.969 .037 16.478 .041             SWO
2006ax 2453839.62 16.703 .012 17.328 .031 16.507 .025             SWO
2006ax 2453843.64 16.662 .008 17.482 .011 16.450 .009 16.106 .017 DUP
2006ax 2453845.59 16.541 .008 17.459 .012 16.377 .009             DUP
2006ax 2453848.64 16.304 .011 17.316 .039 16.223 .036             SWO
2006ax 2453851.60 16.140 .012 17.255 .030 16.093 .027             SWO
2006ax 2453855.58 15.905 .014 17.021 .023                         SWO
2006ax 2453860.66 15.729 .010 16.894 .033 16.174 .091             SWO
2006ax 2453864.57 15.882 .012 17.090 .019 16.397 .035             SWO
2006ax 2453868.65 16.137 .014                                     SWO
2006ax 2453869.57 16.181 .014 17.517 .026 16.650 .032             SWO
2006bh 2453829.90 14.881 .016 14.795 .013 14.975 .012             SWO
2006bh 2453830.89 14.908 .013 14.806 .012 14.979 .015             SWO
2006bh 2453837.93 15.463 .017                                     SWO
2006bh 2453843.88 15.818 .006 16.450 .008 15.615 .008             DUP
2006bh 2453846.91 15.694 .006 16.565 .009                         DUP
2006bh 2453848.88 15.532 .015 16.567 .057 15.366 .025             SWO
2006bh 2453851.86 15.292 .011 16.293 .037 15.311 .032             SWO
2006bh 2453855.91 15.026 .017 16.098 .042 15.272 .020             SWO
2006bh 2453860.88 14.953 .015 16.192 .042 15.542 .051             SWO
2006bh 2453863.90 15.201 .015 16.431 .025 15.763 .025             SWO
2006bh 2453864.87 15.270 .015 16.540 .025 15.791 .026             SWO
2006bh 2453868.86 15.515 .016 16.872 .042 16.061 .044             SWO
2006eq 2453980.54 18.398 .046 18.412 .086 18.353 .188             SWO
2006eq 2453982.51 18.419 .044 18.782 .094 18.585 .170             SWO
2006eq 2453987.49 18.745 .086 19.572 .240 18.631 .253             SWO
2006eq 2453995.54 18.525 .046 19.334 .143                         SWO
2006eq 2453996.64                         18.355 .164             SWO
2006eq 2453999.51 18.437 .043 19.064 .134                         SWO
2006eq 2454000.54                         18.742 .297             SWO
2006eq 2454002.49 18.507 .061                                     SWO
2006eq 2454011.48 18.947 .077                                     SWO
2006eq 2454012.54 19.050 .035             19.746 .304             DUP
2006eq 2454015.49 19.161 .042 20.282 .158 19.877 .316             DUP
2006eq 2454016.49 19.253 .030 20.382 .130 20.064 .193             DUP
2006gt 2454002.67 18.020 .038 17.907 .065 18.148 .124             SWO
2006gt 2454006.68 18.236 .056 18.186 .075 18.636 .209             SWO
2006gt 2454010.74 18.317 .053                                     SWO
2006gt 2454011.73 18.339 .049 18.635 .101                         SWO
2006gt 2454013.69 18.452 .032 18.916 .037 18.618 .056             DUP
2006gt 2454017.75 18.403 .037 19.080 .076 18.597 .115             DUP
2006gt 2454027.66 18.320 .057 18.850 .163                         SWO
2006gt 2454038.55 19.019 .047 20.222 .117 19.739 .120             DUP
2006gt 2454040.61 19.145 .042 20.574 .142 19.725 .190             DUP
2006gt 2454048.63 19.651 .058                                     DUP
2006mr 2454047.68 14.747 .009 14.687 .025 14.590 .021             SWO
2006mr 2454049.71 14.444 .005 14.312 .017 14.176 .034             DUP
2006mr 2454053.79 14.044 .010 13.982 .017 13.901 .006             SWO
2006mr 2454057.63 14.001 .006 14.132 .009 13.903 .018             SWO
2006mr 2454063.77 14.309 .018 14.796 .016 14.434 .014             SWO
2006mr 2454067.79 14.656 .016 15.518 .019 14.955 .016             SWO
2006mr 2454070.78 14.988 .013 15.970 .022 15.399 .027             SWO
2006mr 2454072.72 15.159 .022 16.272 .026 15.543 .025             SWO
2006mr 2454073.74 15.309 .007 16.306 .014 15.646 .021             DUP
2006mr 2454077.75 15.573 .016 16.833 .043 16.043 .046             SWO
2006mr 2454082.73 15.957 .020 17.400 .087 16.351 .061             SWO
2006mr 2454086.71 16.182 .020 17.779 .107 16.619 .076             SWO
2006mr 2454090.61 16.378 .022             16.898 .057             SWO
2006mr 2454093.69 16.523 .019             17.027 .073             SWO
2006mr 2454098.69 16.760 .023                                     SWO
2006mr 2454103.70 16.915 .024             17.578 .115             SWO
2006mr 2454107.60 17.098 .031             17.704 .123             SWO
2006mr 2454109.67 17.093 .031                                     SWO
2006mr 2454111.71 17.261 .030             18.141 .271             SWO
2006mr 2454114.67 17.312 .057                                     SWO
2006mr 2454120.61                         18.624 .379             SWO
2006mr 2454128.59 18.148 .023             18.880 .094             DUP
2006mr 2454137.57 18.490 .029 20.367 .129 19.181 .143             DUP
